0,1,2,3,4,5,6,7,8,9,10,11,12,13,14,15,16,17,18,19,20,21,22,23,24,25,26,27,28,29,30,31,32,33,34,35,36,37,38,39,40,41,42,43,44,45,46,47,48,49,50,51,52,53,54,55,56,57,58,59,60,61,62,63,64,65,66,67,68,69,70,71,72,73,74,75,76,77,78,79,80,81,82,83,84,85,86,87,88,89,90,91,92,93,94,95,96,97,98,99,100,101,102,103,104,105,106,107,108,109,110,111,112,113,114,115
7.751901211193104e+26,1.5119287816754106e+27,-2.3172003094018908e+26,-2.2023318199384793e+26,-8.224559166305955e+25,2.1427406440671757e+26,-4.100234393472916e+26,-2.92783544386369e+26,-1.970556752446709e+26,-1.8873124215024857e+26,-4.837341438472488e+26,-6.360526380295118e+26,-5.270610216092804e+26,-2.8827540153918574e+26,-1.6548357215286174e+26,-2.5093578024174786e+26,-2.0349450042321046e+26,-2.3435583658717227e+26,-1.875817512275607e+26,-1.941969430289018e+26,-5.782002492807652e+25,-1.7311884414550765e+25,-5.6775558475881985e+25,-1.0589330870092747e+26,-2.683564387678486e+26,-7.631472813649464e+25,-5.0492398431680506e+26,7.99155910513514e+26,-1.5030364081701784e+26,-7.989597359851267e+25,-2.5648566943043638e+26,4.5019846516977036e+26,3.925838365318811e+26,1.8947909758698714e+26,9.047407817595973e+26,-9.42330934892801e+26,-3.305138297124003e+26,-1.7139236720801126e+26,1.586538038215285e+25,5.8405367407996756e+26,-9.449067435749174e+26,3.0133854522652404e+26,-3.0193561937009883e+26,-1.345122549458177e+26,-6.047709818544935e+24,4.6993618647396975e+26,2.1604403886064906e+26,2.35455083261908e+26,1.5398453927473484e+26,-3.8581861027566885e+26,7.524337910271697e+26,6.553302027898011e+26,3.332258045698689e+26,2.1789349801991053e+26,3.6040850251255295e+26,2.521274488274418e+26,2.3676377661530673e+26,1.9202990780775324e+26,1.7333964265967088e+26,3.513124924801563e+26,1.2129182212744329e+26,9.297435005842653e+25,-6.877754276486364e+25,-1.7155967495067863e+26,1.1177223026321646e+25,-3.4714210991022407e+26,-3.375509927411255e+26,-2.8599410522028682e+26,-2.362484417005194e+25,1.793372498747109e+25,-6.6987392909136484e+25,-3.767752523126782e+25,-3.909227027414557e+26,-7.278983050600884e+26,9.793644897403457e+26,1.0012416641543925e+27,1.7833859488464347e+26,1.8067477737831295e+26,8.41410996010368e+26,-5.422003236789456e+26,7.183473186764034e+26,-5.827621315158185e+26,-5.346257695274804e+26,8.862204931132686e+26,8.451084940343512e+25,3.158605912032261e+26,4.449958458075971e+26,3.019148127944989e+26,-1.833692585581933e+26,-2.3779883165478992e+27,-2.567437673464763e+26,-5.523011676713391e+25,-1.4909550855711087e+26,-6.697326260223964e+25,1.6423058650306072e+27,-9.887491621705403e+26,1.3408313659425327e+27,-6.587761092975991e+26,-5.526488028682485e+26,-2.471487384092206e+26,1.4958890640314757e+26,-7.588804614503785e+25,3.827621624252924e+26,-1.6126363376457498e+26,5.3714222261065974e+26,2.9509843383243166e+26,5.5158812059777496e+26,-4.689176556524512e+26,1.1434084427350261e+27,2.0703328663784832e+27,-1.2677814565878924e+27,-5.152870149706136e+26,-2.921353967540058e+26,-3.414130187810053e+26,-4.897525727565014e+26,6.498158178260226e+26
1.5119287816754106e+27,4.071147996678483e+27,-1.6843572333155015e+26,3.898817864699555e+25,3.0289476450598173e+25,6.803094978111356e+26,-8.198540455811548e+26,-5.494851118065504e+26,-2.7841175466442263e+26,-2.5494659799957212e+26,-9.662606661997983e+26,-1.5149547675659692e+27,-1.331477171981544e+27,-5.85762622310281e+26,-1.7798952613481114e+26,-5.2820769079198116e+26,-7.411467301133222e+26,-5.8402752071187014e+26,-4.045717250968458e+26,-6.64508591232649e+26,-7.823983977607932e+26,-5.515244966135114e+26,-6.434855468813012e+26,-7.816765995772382e+26,-1.8349218066884318e+27,-1.0566239637838555e+27,-2.554125567729425e+27,2.81468860376384e+27,-1.0517904574757863e+26,4.3986491510972785e+25,-9.876043813071389e+26,1.3338537585439294e+27,1.1248541894912083e+27,6.86668236789341e+26,3.551579158331686e+27,-1.9581494627061326e+27,-1.1463163211336764e+27,-1.8106611897674774e+27,4.390678713125573e+26,1.313984837623819e+27,-2.3511297016482773e+27,5.3766866899665314e+26,4.356425081326367e+22,-1.215198333547854e+26,1.967474118319275e+26,1.495817865991375e+27,8.399330548528662e+26,9.615963354997721e+26,5.993378620650686e+26,-8.78352318593665e+26,2.0758266056010534e+27,1.8277286248290752e+27,1.2895404655577405e+27,1.1410555961025752e+27,1.4176840997016608e+27,9.255559331633706e+26,9.814133492300738e+26,8.537168183055376e+26,7.459508592605423e+26,2.6086564179439044e+26,-3.230722593781382e+26,4.895594680119385e+25,-5.392304570327855e+26,-1.9145051280616575e+27,-1.0035675574871581e+27,-2.295384330575633e+27,-1.6851478245660924e+27,-1.6669886650189435e+27,-5.589732044587813e+26,-1.690749564220274e+26,-6.1813450797735854e+26,1.872437363372211e+26,-7.514422617808367e+26,-2.0221430807546014e+27,2.5491661852838937e+27,3.012126918041989e+27,-1.258613649373012e+27,1.2293313596754384e+27,3.035121524715826e+27,-1.0089041568406023e+27,2.5062365368048324e+27,-7.724176605807427e+26,-9.029747194625588e+26,3.976573693937388e+27,7.667286655472588e+26,2.099947150526758e+27,1.995006233635966e+27,2.670918523679831e+27,-5.6195101293843646e+25,-8.665516060958208e+27,-9.559455451763258e+26,-7.242458577459346e+26,-6.363560043953138e+26,-7.938230396616817e+26,6.79605279351867e+27,-4.001747515347965e+27,5.21636497533682e+27,-2.953354956402285e+27,-2.2789251290406778e+27,-1.6591533467997625e+27,5.587585817721248e+26,-8.407541041846597e+26,1.5637351205658902e+27,-1.312223877027864e+27,2.5028531277656016e+27,1.9240210314861777e+27,2.2812654001819397e+27,-1.9616839756240123e+27,5.183356499057537e+27,7.846536673469533e+27,-5.428576112638284e+27,-2.720788112690944e+27,-1.6834032180147456e+27,-1.8798475451447006e+27,-2.538078833767257e+27,3.2667109461047853e+27
-2.3172003094018908e+26,-1.6843572333155015e+26,4.668026248960229e+26,5.165946656040274e+26,3.9763189785754544e+26,2.8646666960638342e+26,1.297372511768298e+26,1.2716196600085729e+26,1.1005962757542108e+26,1.3453990684392529e+26,1.472844220583406e+25,2.4127667709017977e+26,2.3790491396781982e+26,1.3615935729645203e+26,8.121927959312924e+25,1.0548485466399674e+26,1.114771014983524e+25,6.448266713811598e+25,4.804304513915012e+25,-2.92815724553854e+25,-3.714484193572914e+26,-2.051673357670922e+26,-1.5816347179871023e+26,-1.4476581442825662e+25,-4.764128472578287e+25,-2.3561348276661953e+26,1.6898475847788615e+26,-9.4926408303774e+25,8.635953157171447e+25,1.2146512379529599e+26,-8.689371526517335e+24,5.821505333794996e+25,8.538633130592306e+25,4.419429864068487e+26,6.348282722055676e+26,2.8236790875449596e+26,-8.952873254429549e+25,-7.328093268757087e+26,1.0615102210425489e+26,8.807647387711507e+25,-1.05100237023256e+25,1.9125439087860947e+25,5.027984039903514e+26,5.564027211079791e+25,5.737866909683734e+25,1.69278104858278e+26,1.727320587127437e+26,1.5399831982999892e+26,1.1119134810208578e+26,-1.100000589698006e+26,-1.2901322594872295e+26,-2.7745472923104505e+26,1.206388647211505e+26,2.0133875899938403e+26,6.8629913412226835e+25,-1.2624782466853323e+26,2.9256658375889657e+25,9.591011281746047e+25,-1.247910687316957e+25,-6.393640574417354e+26,-2.8602493287115318e+26,-1.9538106034089474e+26,-1.6429153037963384e+26,-3.197478001398774e+26,-3.124428766730228e+26,-5.050167408607117e+25,-2.893455498447967e+25,-2.7860772301047178e+26,-2.00472209176048e+26,-1.2320314104929824e+26,-9.695248576721542e+25,1.0372553074509656e+26,1.2465989285576183e+26,1.8120435019360943e+26,1.0935156120485484e+26,-4.543974272168386e+26,-9.421135836661728e+26,2.876579112144438e+26,5.5318549781391826e+26,3.275160516758701e+26,4.456505294621591e+26,3.370398920672648e+26,5.211926207219641e+26,4.553620170866333e+26,1.9155259324557478e+26,4.294940418897406e+26,2.0053605285771577e+26,5.360809140410603e+26,-4.088466850996312e+26,3.116543871818049e+26,2.4019205830273176e+26,-1.0192301420337013e+26,2.2419855019316423e+26,-7.683295105007292e+25,7.083548501383653e+25,1.4886635192659321e+26,-2.727480289775577e+26,1.1535246058649214e+26,3.9490692015920124e+26,-1.8538057836467155e+25,-1.2897505615454638e+26,-8.370565944408221e+25,-3.0357853685607216e+26,1.2316968191564892e+25,-3.3098573601469446e+26,-1.2220107074964355e+26,8.99035285975415e+25,4.618473001333784e+25,-1.1022279736025412e+26,-3.8471230583455654e+26,3.7509826319868866e+26,2.888441981486781e+26,2.7721794820145815e+26,3.171378457268303e+26,3.211525338501806e+26,-2.4062561152978822e+26
-2.2023318199384793e+26,3.898817864699555e+25,5.165946656040274e+26,6.83022105926845e+26,4.801596419752605e+26,4.372298654989968e+26,2.2106365331586035e+26,2.183175566650784e+26,2.4703854216348174e+26,2.6908547240010526e+26,8.629000705088468e+25,3.280233031133211e+26,3.147619805768472e+26,2.3154270935692827e+26,2.417707284076367e+26,1.853748844461019e+26,-3.2374743646935907e+24,1.0250217952774659e+26,9.173895436469075e+25,-6.477731429041947e+25,-5.138721102782379e+26,-3.8023716465489015e+26,-3.413047649979523e+26,-2.1538216474641098e+26,-3.890541791244384e+26,-4.923754214385252e+26,-1.6723625964410807e+26,1.0992378948188037e+24,2.9855974863081e+26,2.7454372829009018e+26,-1.756435131790925e+26,1.1854037886567231e+26,2.4202513793335336e+26,4.90461454426183e+26,9.583662655193176e+26,4.395975597015045e+26,9.840971829588686e+23,-1.1270852766970454e+27,4.053633572047818e+26,4.1689718104090944e+25,2.3640677729424014e+26,-6.235053764246694e+25,7.026942953055168e+26,1.3810857973071016e+26,2.1459757377035388e+26,2.5844219278346015e+26,2.7689234447941938e+26,2.987465189081238e+26,2.187009579919297e+26,-1.0725372689528995e+26,-1.2984458130660741e+26,-3.2189815441526334e+26,2.251987154690718e+26,3.925740685289281e+26,1.5773258291049866e+26,-1.629940193724791e+26,7.5776097817779505e+25,1.836161172240008e+26,5.345269261892033e+24,-8.807081125525581e+26,-4.393924224773832e+26,-3.1573847341078565e+26,-3.590007948706573e+26,-7.24253199236015e+26,-5.586959057836324e+26,-2.9942831033269016e+26,-4.417511610547856e+25,-5.748773531279158e+26,-3.5469915170197746e+26,-2.5933199512377266e+26,-9.845793414640603e+25,2.5179889503067844e+26,1.5745649531101016e+26,2.8115390178142403e+26,1.6768291812704578e+26,-4.8224465585097035e+26,-1.4925736526462293e+27,5.907050774064113e+26,1.0073777677174422e+27,6.643086698532427e+26,8.259067632651058e+26,6.680391704653937e+26,9.022291740656314e+26,9.39854185464691e+26,6.20317666891796e+26,9.192838138742448e+26,7.972829829554547e+26,1.241743304784451e+27,-4.02703235445645e+25,-5.585268342221767e+26,2.647181130350101e+26,-1.7757237430651694e+26,2.673821975727378e+26,-1.720491606689548e+26,2.831123744832454e+26,1.6154141561622333e+26,-6.581149710470856e+25,8.670131213820319e+25,3.1112911927604535e+26,-1.065424835969073e+26,-2.355817427369183e+26,-1.6767611428094602e+26,-3.5044738141766804e+26,-4.406213701837556e+25,-3.4277684815825665e+26,-1.3379030545229273e+26,6.195733271208687e+25,-6.338875069280946e+25,-8.62471065568691e+25,-3.395147721485202e+26,1.0226898056790135e+26,1.0038704944952639e+26,1.759727546201433e+26,2.567069575681787e+26,2.976066691827366e+26,-2.299428281588852e+26
-8.224559166305955e+25,3.0289476450598173e+25,3.9763189785754544e+26,4.801596419752605e+26,4.0370299255636475e+26,3.860003436083345e+26,9.592868877480832e+25,1.2022449709992249e+26,1.4792383253519891e+26,1.706247955588922e+26,-4.8203406955913815e+25,1.8851291675617485e+26,2.0345118770001634e+26,1.416037800320625e+26,1.3752885507181057e+26,1.1376390298931241e+26,-3.2846799220747843e+24,6.116978292641898e+25,5.048469472844765e+25,-5.371456315616028e+25,-3.920045750594753e+26,-2.561103105390056e+26,-2.235808114589764e+26,-9.622435426506574e+25,-1.422580138620705e+26,-2.977484483641085e+26,6.964304817697827e+25,-5.136236394021954e+25,1.7063422249943432e+26,1.8454122604621338e+26,-1.0316574519413454e+26,1.126143989893791e+26,2.0592271147736316e+26,4.593790375902755e+26,7.332224076865986e+26,1.9541463447577392e+26,-4.346154265913171e+25,-8.119316703665833e+26,2.422329244258769e+26,1.1578522873409761e+26,9.89752902713824e+25,2.2729130264003205e+25,4.4460473618783384e+26,5.7534352959175395e+25,1.1309197670446471e+26,2.104081317639807e+26,1.8414986697023314e+26,1.735899917810336e+26,1.3125434194050277e+26,-1.6398744187531086e+26,-6.0429511198340435e+25,-2.3845721997082194e+26,1.2589447377102934e+26,2.0809496077388697e+26,6.216492111622759e+25,-1.5852576546201163e+26,6.85754396307793e+24,8.456892813869443e+25,-4.6254725574913736e+25,-6.627000957816756e+26,-2.9007045922140302e+26,-2.398442534418114e+26,-2.234068367943189e+26,-3.669704165843658e+26,-3.331832510947466e+26,-9.429141662259068e+24,1.2880494572115256e+26,-2.968261257551191e+26,-1.990892751689869e+26,-1.7277246748353856e+26,2.700805580722133e+24,1.399380943961157e+26,1.0114809797894712e+26,2.9942904135832043e+26,2.342441432044241e+26,-4.219495262983575e+26,-1.0163758144804156e+27,3.293580399674603e+26,7.886767318957536e+26,4.939611180772564e+26,6.414127756684094e+26,4.171406140299526e+26,6.163379198589048e+26,5.3828097610112814e+26,3.8156800843810854e+26,5.1335781765321865e+26,4.684768527417769e+26,6.758187088245933e+26,-2.7835678762120685e+26,-4.466486144102428e+25,2.5962714137659944e+26,-3.87674442030579e+25,2.5946919706310904e+26,-2.5060122915171637e+25,-4.904866893395574e+25,4.1501599428016505e+26,-2.5970082543934534e+26,3.207825773522279e+26,3.927228625942902e+26,1.04299968214462e+26,-1.9566843018647636e+26,-1.3106670481420338e+25,-3.658693736848561e+26,1.3730506980960573e+26,-4.571587668726495e+26,-3.11752694437633e+26,7.774693939937822e+24,1.357483362885954e+26,-4.085923566615895e+26,-6.173390795584775e+26,4.2901785752613244e+26,3.259420282078129e+26,3.144265284157893e+26,3.955001440361488e+26,4.6706427525426584e+26,-4.50711992238333e+26
2.1427406440671757e+26,6.803094978111356e+26,2.8646666960638342e+26,4.372298654989968e+26,3.860003436083345e+26,6.576595610367891e+26,-6.708211560738053e+25,1.6110752539498526e+25,1.6793318203551264e+26,1.8812000054783908e+26,-2.0014173360706404e+26,-4.88447740455915e+25,4.188530890284034e+24,5.499228747796703e+25,1.9817952371979448e+26,3.558257567979317e+25,-1.7679341976430675e+26,-6.0091352286237305e+25,-3.3133553453340855e+25,-2.5511784102874043e+26,-6.683391385073935e+26,-4.959741844360352e+26,-4.955957619956502e+26,-3.495391219086319e+26,-5.3609013977416206e+26,-6.184056232852518e+26,-3.5396005551868895e+26,4.722848070714677e+26,2.8597952879318e+26,3.275262882753003e+26,-4.708865108506802e+26,5.059802839987541e+26,6.0769002443072834e+26,6.836251982613913e+26,1.6242686287414572e+27,-8.960315740792949e+25,-1.5223034473605786e+26,-1.4052042145607495e+27,5.4037063032708e+26,1.9240762459228486e+26,2.1999836178656264e+26,6.790990185153212e+24,4.0527040437872504e+26,8.683206343495691e+25,2.5203751261442633e+26,3.473461659037079e+26,2.4084357929866574e+26,2.7555722531228453e+26,2.0248178739848093e+26,-2.5294213935448073e+26,1.9414395742670742e+26,-5.192657437319604e+25,2.120347254500236e+26,3.308353063455951e+26,1.3599003241846555e+26,-1.8487558424746838e+26,1.8439629699592625e+25,1.2255909317964244e+26,-7.880985280198216e+25,-8.719707608398494e+26,-4.29386097678643e+26,-3.9298656732458874e+26,-4.243634140173661e+26,-7.304588338985078e+26,-5.806787454162449e+26,-1.4172744788947293e+26,3.4466142674415354e+26,-5.0669219397862184e+26,-2.935709307968545e+26,-3.3147382776437565e+26,1.4171587109238292e+26,2.6942985088686397e+26,9.610461841583933e+25,5.271522472551686e+26,5.868163035406542e+26,-1.7466234172810478e+26,-1.552701059001704e+27,5.542283323743651e+26,1.8294891113786131e+27,9.158303214580145e+26,1.4040133938883325e+27,6.992447933967047e+26,7.286336088269011e+26,1.0925794745188276e+27,8.139288926009284e+26,9.195629001391219e+26,1.1687623415489583e+27,1.3170014097223282e+27,-2.304303258376676e+26,-1.3737091550380805e+27,2.3091866221041403e+26,8.37948434275523e+24,3.1370238637668394e+26,-5.858382753344804e+24,6.100782020479931e+26,7.104621815244185e+26,3.816180021356223e+26,5.686175121644431e+26,2.180488867023211e+26,2.22838871822363e+26,-2.5135619556282936e+26,4.34674385137516e+25,-3.513367540444529e+26,2.8357281848972346e+26,-4.9307802186852276e+26,-5.276980746726558e+26,2.702606234241174e+26,2.2501672262329453e+26,-4.962259623959058e+26,-4.145508935699952e+26,1.1988958210730892e+26,2.152274501373762e+26,2.9982345433354635e+26,4.5275788226429084e+26,5.847663883738803e+26,-5.8982618384259744e+26
-4.100234393472916e+26,-8.198540455811548e+26,1.297372511768298e+26,2.2106365331586035e+26,9.592868877480832e+25,-6.708211560738053e+25,4.853232327375607e+26,3.8013576666992274e+26,3.624070631528722e+26,3.0671972714806416e+26,4.495650997518004e+26,7.185194037544322e+26,6.603770067902073e+26,4.38940008946387e+26,4.063105581723948e+26,4.147832658380392e+26,3.9755620210056585e+26,3.9185355005543775e+26,3.074908962149849e+26,3.129173958010043e+26,3.232305447713069e+26,-7.038374996378611e+25,-6.1289299378160565e+25,-1.4800910896348305e+26,-8.215974781187658e+25,-4.275079590050508e+25,1.1351574023528912e+26,-9.371212291088205e+26,5.010064250910859e+26,2.4636957420978713e+26,1.3082147913342252e+26,-5.119009480813478e+26,-2.1404975672795807e+26,-2.6077335503083466e+26,-8.909914517865704e+26,9.070475874323719e+26,8.413472974450562e+26,3.727234331975355e+26,3.705615380794757e+26,-3.84995413477633e+26,1.0425617543742859e+27,-2.2021944182772473e+26,2.7965872360430086e+26,1.293144120618813e+26,1.9225577857491372e+26,-2.9690989444247016e+26,-3.994476736360518e+25,3.955843199013729e+25,4.737898480546519e+25,2.6972263244783385e+26,-6.729323775562448e+26,-6.430975033380565e+26,-1.1712849687383081e+26,9.842178989789469e+25,-1.530540118175402e+26,-2.8046995715421674e+26,-9.314688256770045e+25,5.861464389512856e+24,-7.3243124126384325e+25,-2.227140565201406e+26,-9.969153668034632e+25,-1.7253212585572673e+26,-2.5383371051325892e+26,-2.018986422333752e+26,-3.5128729123551933e+25,8.220808472872548e+25,2.6324135528015835e+26,-1.5773699487965172e+26,-1.4607273028902034e+26,-1.8479788530982625e+26,9.723562569085832e+25,1.9740899139689516e+26,1.775829356966601e+26,5.0930684868714766e+26,-7.119273828552342e+26,-8.816361567655543e+26,-1.8184384766769047e+26,2.2515625572749365e+26,-5.666565791093233e+26,6.604964373434731e+26,-3.1738983099148116e+26,6.498164387889833e+26,9.795049213399052e+26,-3.7508648235120174e+26,5.188404409878538e+26,2.8241582204883456e+26,4.923953542476447e+26,4.553830933339377e+26,1.2685778120014694e+27,8.00186047065324e+26,3.289974774663768e+26,-1.3565516162243597e+25,2.472728165778945e+26,-3.8591989773563298e+25,-1.9273381874663414e+27,9.129209509245711e+26,-1.4189601224342666e+27,5.4835026766566226e+26,4.973576909691708e+26,1.5927006520931614e+26,-4.246320953727835e+26,-1.235566207674744e+25,-5.523028432180546e+26,1.4974879859697683e+26,-7.072922864910486e+26,-4.82419697065321e+26,-9.387741386843355e+26,1.4846712369761e+26,-1.4018502163441413e+27,-2.2011827163446266e+27,1.0163574185391115e+27,3.1838012857798134e+26,1.8317429510085692e+26,3.0807351843916082e+26,5.7915334977723384e+26,-8.376044164171565e+26
-2.92783544386369e+26,-5.494851118065504e+26,1.2716196600085729e+26,2.183175566650784e+26,1.2022449709992249e+26,1.6110752539498526e+25,3.8013576666992274e+26,3.2788469361105454e+26,3.5591968762118054e+26,3.0566885875953464e+26,3.1069130220291415e+26,5.1992218203539184e+26,4.8022630567572154e+26,3.891309249706324e+26,4.0353988787526846e+26,3.7285344301704704e+26,2.936728980195812e+26,3.354746445004792e+26,2.752708425338652e+26,2.3327758717337236e+26,1.9017573918137638e+26,-1.2243501081935364e+26,-1.2611282449421513e+26,-1.9575231586204014e+26,-1.7816106422100027e+26,-1.2292161340009606e+26,-1.3389837633917147e+25,-7.559956375926433e+26,4.963563138112627e+26,2.7473423387926678e+26,3.969888218434611e+25,-4.094778202789907e+26,-1.12451530797133e+26,-1.7764599719165748e+26,-6.248795746448393e+26,6.82619144153022e+26,6.693201859547715e+26,1.5855458049463034e+26,4.196120208527214e+26,-2.714952033250463e+26,8.287279394518262e+26,-1.576680817519407e+26,2.5349497886040255e+26,9.624561671967011e+25,1.6155443703633658e+26,-1.3216666059033882e+26,2.036229529377916e+25,7.874493325633678e+25,6.462176317049475e+25,1.513362639373359e+26,-4.133983829851645e+26,-4.1404078957552015e+26,-1.5251944512188704e+25,1.288008025839402e+26,-4.044424517565401e+25,-1.707482347101548e+26,-2.132668957016197e+25,4.507892245861621e+25,-2.5890587668619143e+25,-2.1572803314332933e+26,-1.1822111704642261e+26,-1.543239620360308e+26,-2.4335133722090898e+26,-2.7830789362759685e+26,-1.0840940625844095e+26,-1.448484553714135e+25,1.9572469193947864e+26,-2.024365650858639e+26,-1.3788785045024129e+26,-1.6369432246157972e+26,7.727974064626575e+25,1.6459931016200227e+26,1.1580905266923257e+26,3.8836742830471385e+26,-4.3363595476393e+26,-5.86645779765636e+26,-2.791338526517648e+26,2.3849297854038852e+26,-2.92360813002385e+26,5.4713393161333086e+26,-1.1223899582385816e+26,5.3349515072361665e+26,8.824788686165944e+26,-8.46758571580952e+25,5.746367984682781e+26,3.4255950914363466e+26,6.0608705895754995e+26,5.3401394226243736e+26,1.1169431854726174e+27,2.35915647936743e+26,2.9634625353017538e+26,-2.252506954014346e+25,2.3401518056440355e+26,-4.79555418444098e+25,-1.5136785582068667e+27,7.142881757280704e+26,-1.1030071329968186e+27,4.147483349984238e+26,4.016582175182104e+26,1.0512081795532643e+26,-4.049457104142753e+26,-2.164892401333924e+25,-5.0403828581546576e+26,1.1974306881154239e+26,-6.242612073140259e+26,-4.2189187540387376e+26,-8.216054333722487e+26,9.098141456741938e+25,-1.1336708225676891e+27,-1.6841117181330947e+27,7.00999573498081e+26,1.994045492125667e+26,1.221915929266464e+26,2.4562253842388357e+26,4.8422241416518e+26,-7.0050848670865e+26
-1.970556752446709e+26,-2.7841175466442263e+26,1.1005962757542108e+26,2.4703854216348174e+26,1.4792383253519891e+26,1.6793318203551264e+26,3.624070631528722e+26,3.5591968762118054e+26,5.093378062601203e+26,4.204429127147936e+26,2.646829664715681e+26,4.377398537975855e+26,4.064410485342762e+26,4.649563143744679e+26,6.290576799426929e+26,4.7517248297981104e+26,2.776077921317131e+26,4.092480317485482e+26,3.6323288736709966e+26,2.101413050554754e+26,1.353944486655241e+26,-3.273374815748737e+26,-3.77148447146301e+26,-4.892648997093791e+26,-5.627471660278956e+26,-3.809635007551568e+26,-3.860330198364012e+26,-7.375664419178585e+26,7.970320567496405e+26,5.049379280553388e+26,-1.9596915462555297e+26,-3.703588801802907e+26,7.657910207231156e+25,-1.2015687546759585e+26,-3.552645796735025e+26,6.370865565625007e+26,8.141493330085121e+26,-5.0300834188988235e+25,7.7006755325609e+26,-2.5913951865806634e+26,1.0375043968785808e+27,-1.6956285590553253e+26,2.8053594964475932e+26,1.0896443244946578e+26,2.4283147844311998e+26,-2.727411916174436e+25,7.7238677596397836e+25,1.723348719067646e+26,1.2148373424655602e+26,1.0097772043686284e+26,-2.5032124551714247e+26,-2.627571349094417e+26,9.183874061452671e+25,2.5361556994180994e+26,7.971781108011277e+25,-1.1138302131319483e+26,5.794882308255408e+25,1.2155854393922553e+26,2.4381696980439507e+25,-2.4397514299042577e+26,-2.0253769155304563e+26,-2.3011215250198e+26,-4.2578337072315734e+26,-6.348053645700952e+26,-2.9563896367869192e+26,-2.200958830963218e+26,2.717573509536971e+26,-4.0964026248267585e+26,-2.1651720764552074e+26,-2.6693120285645965e+26,1.3964276753999472e+26,2.4597942461602447e+26,9.276914218794686e+25,4.9806213583131244e+26,-2.6675518860844878e+26,-3.836692121856299e+26,-5.299715635758411e+26,4.167103584621781e+26,1.7756883449569035e+26,7.869436083004121e+26,2.9375214638100588e+26,7.329108632475599e+26,1.1657582342648567e+27,3.0517791712840443e+26,1.0435409893728674e+27,6.620072840025901e+26,1.2691247060927265e+27,1.0441416482916984e+27,1.660422283924811e+27,-8.04975151575047e+26,3.7363495600716994e+26,-3.5000417494512915e+25,3.3540028247840916e+26,-9.144978612389215e+25,-1.5485506266876895e+27,9.164730474040613e+26,-1.0309835623763012e+27,5.196872486149093e+26,3.718883337546495e+26,1.1135033470703594e+26,-6.13562883421902e+26,-3.496549250861095e+25,-6.717944498340147e+26,1.7895952895056154e+26,-8.181918118126967e+26,-6.216813597281695e+26,-1.0130413329153856e+27,8.13366694787464e+25,-1.392247705838569e+27,-1.8024879512154391e+27,5.079018145172089e+26,5.100438192944191e+25,4.8458492484766215e+25,2.6281771947737197e+26,6.122339816775649e+26,-9.05315170417149e+26
-1.8873124215024857e+26,-2.5494659799957212e+26,1.3453990684392529e+26,2.6908547240010526e+26,1.706247955588922e+26,1.8812000054783908e+26,3.0671972714806416e+26,3.0566885875953464e+26,4.204429127147936e+26,3.689501789664538e+26,2.173973839798456e+26,3.728801118621071e+26,3.4426456582945536e+26,3.7803790047258796e+26,4.925516116852777e+26,3.6665334701618835e+26,1.7215101660973895e+26,2.9149086063108827e+26,2.615386309017163e+26,1.1751391324713056e+26,-2.473394803577335e+25,-2.847048219181447e+26,-3.1294830316297795e+26,-3.628245316672805e+26,-4.3028400277129085e+26,-3.395528209884649e+26,-2.661838236612188e+26,-5.370742629154465e+26,6.158484418968359e+26,4.0598281097109635e+26,-1.7437835953996103e+26,-2.473905369352157e+26,9.436021881013232e+25,-4.355285562107658e+25,-1.632570625554795e+26,5.537434958512238e+26,5.663179082892457e+26,-2.6250243734623796e+26,6.396505158847346e+26,-2.282523382617037e+26,8.737005608579664e+26,-1.592151190636199e+26,2.9833376027241885e+26,1.0968668688352352e+26,2.1824049509902296e+26,2.5894863997112624e+24,8.103500326229374e+25,1.4558849491166292e+26,1.0764124035576861e+26,6.967499728118947e+25,-2.1441801484665534e+26,-2.578779703029706e+26,6.983628514168558e+25,2.0618014410999323e+26,4.150481608923192e+25,-1.3600866313996782e+26,1.4720043631352683e+25,8.124617421871372e+25,-2.0387708006536884e+25,-3.6307968229753946e+26,-2.1848504632459187e+26,-2.2716280436369162e+26,-3.398528701460423e+26,-5.232402767666574e+26,-2.9381587432199596e+26,-1.3737732422085112e+26,2.665011933672137e+26,-3.329168983864725e+26,-1.9077914557353634e+26,-2.3338582763268723e+26,1.2360152983911435e+26,2.1835627145340883e+26,1.1459984486453922e+26,4.869688714688969e+26,-1.956307736956235e+26,-3.998985990291318e+26,-6.59336784491308e+26,3.652484284638013e+26,2.7914621596953483e+26,7.41804160214421e+26,3.1391706143299696e+26,6.7719390132747e+26,1.0043469666151672e+27,3.1578687442588255e+26,8.673395788201027e+26,5.8751954779490744e+26,1.0324888433798619e+27,9.187280165110612e+26,1.1442417824801772e+27,-5.4850358088348145e+26,3.126380236793149e+26,-1.6743292647572983e+25,2.8473709690888444e+26,-5.585167947495283e+25,-1.1785950113119935e+27,8.152412002851906e+26,-7.970080576853671e+26,4.910808811706659e+26,3.374043136693156e+26,1.2754631007963369e+26,-4.719601593207647e+26,-1.1473471037327388e+25,-5.4904951641873165e+26,1.6930769969748708e+26,-6.804937818160835e+26,-5.186422083832855e+26,-7.530928074387021e+26,1.2007475680156725e+26,-1.1430874888983936e+27,-1.5070876366639828e+27,4.7419484983420436e+26,1.0738600152346761e+26,9.639854166579988e+25,2.6569707749818638e+26,5.3766507887293154e+26,-7.601509595599848e+26
-4.837341438472488e+26,-9.662606661997983e+26,1.472844220583406e+25,8.629000705088468e+25,-4.8203406955913815e+25,-2.0014173360706404e+26,4.495650997518004e+26,3.1069130220291415e+26,2.646829664715681e+26,2.173973839798456e+26,5.4074408233997995e+26,6.839967408289243e+26,5.916941509504834e+26,3.336788598953798e+26,2.971029649783017e+26,3.0901489417107325e+26,3.122946146697987e+26,2.971826173345311e+26,2.352948869587308e+26,2.5519522019825944e+26,3.2022448395013074e+26,-1.544237143204623e+25,-1.12614345170914e+25,-1.0159691585529895e+26,-3.728280652731056e+25,9.005340478020489e+24,8.544512236993184e+25,-7.410868413085646e+26,3.606257345024466e+26,1.5709637958239887e+26,1.2658327222479214e+26,-4.475618143420253e+26,-2.6642183241145158e+26,-3.618262307884989e+26,-9.406705675153934e+26,9.312942652148621e+26,7.109696232864756e+26,4.3699431348606526e+26,2.329680508710044e+26,-5.367572439276272e+26,1.1266698545722987e+27,-3.181409260000455e+26,1.9189971225064257e+26,1.711326005492571e+26,1.958127363405437e+26,-5.007558421228999e+26,-1.7584912884276338e+26,-8.698089008543819e+25,-3.3501478143851894e+25,4.3053039589740456e+26,-7.861630702586793e+26,-6.67620167871351e+26,-2.794919737099175e+26,-2.9270746651547295e+25,-3.0501831812888032e+26,-3.0664916366308135e+26,-2.004729302358062e+26,-1.0176637050757662e+26,-1.3994306553779073e+26,-1.4796198334670454e+26,-5.626475360208623e+25,-1.2605517283113058e+26,-1.4755353397220926e+26,-7.653522896031531e+25,1.4403828392351668e+25,1.2358339994723957e+26,2.9556996452640534e+26,8.149290094894589e+24,-8.816580281715782e+25,-1.4799288840857988e+26,1.1209616673241514e+26,1.9540986870727797e+26,2.6518793308044725e+26,5.96039055711224e+26,-9.562195642627697e+26,-8.87071975834951e+26,-4.766850278682366e+25,9.798320318412622e+25,-7.10605453084154e+26,6.805082535354707e+26,-5.072115662547952e+26,6.923530884596517e+26,7.245484465024333e+26,-6.628339653316173e+26,3.0702697011865218e+26,7.867591077387218e+25,2.1283807461242877e+26,2.2742521222271143e+26,1.1013850629235604e+27,1.185973651296262e+27,1.8666180877265737e+26,1.0886700903079142e+25,1.159941351285164e+26,-1.5068303416964107e+25,-1.644746961259525e+27,8.779262327216708e+26,-1.1363281171684326e+27,5.363636499577432e+26,3.0408140861845912e+26,1.5963145528624745e+26,-2.6133773536128943e+26,5.715386640552087e+24,-3.297111078621815e+26,1.0503977286569386e+26,-4.483500930110702e+26,-3.182148549324135e+26,-7.19446292934517e+26,2.001223307507363e+26,-1.1740078504526168e+27,-1.992600559748281e+27,8.929425663571055e+26,2.1936811244934724e+26,8.444244651271297e+25,1.6470061808386723e+26,3.7695017803926305e+26,-6.097223996084524e+26
-6.360526380295118e+26,-1.5149547675659692e+27,2.4127667709017977e+26,3.280233031133211e+26,1.8851291675617485e+26,-4.88447740455915e+25,7.185194037544322e+26,5.1992218203539184e+26,4.377398537975855e+26,3.728801118621071e+26,6.839967408289243e+26,1.2677247972823392e+27,1.2042584378911584e+27,6.144003377356376e+26,4.7131749606872595e+26,5.6828808805401086e+26,6.968197660173808e+26,5.617877273289288e+26,3.976938936041921e+26,4.937500519539567e+26,5.704678340738249e+26,-3.2571043075628904e+24,4.342089430294561e+25,2.8082184609629336e+24,3.401657020944488e+26,1.728410317601028e+26,7.879428438416813e+26,-1.6115374520266468e+27,5.964880110750477e+26,2.6894640684486693e+26,3.1560517483867984e+26,-7.021663370884825e+26,-3.1987553051087676e+26,-2.2193871229782544e+26,-1.3367822746073454e+27,1.4503148917013986e+27,1.3754255296241218e+27,7.419349987021653e+26,3.686476781661546e+26,-5.856483426808745e+26,1.74267679591761e+27,-3.23803217228098e+26,3.907086214403472e+26,1.9090993534933633e+26,2.99190403367464e+26,-6.870886267649385e+26,-1.8412726237428883e+26,-4.918775184524775e+25,2.144877858218323e+25,4.567807912991589e+26,-1.3858129796661317e+27,-1.3891913432975235e+27,-4.259421558749905e+26,1.5420541601629753e+25,-5.404469716328495e+26,-7.583802384862887e+26,-3.7995289823320895e+26,-1.337146086337749e+26,-3.155494545645473e+26,-4.9244160874028154e+26,-7.531566092926679e+25,-3.601052947933461e+26,-3.8536278587402076e+26,1.034020832382034e+26,2.1219648735594485e+26,6.982459828577023e+26,7.921258320432094e+26,-1.7150315124266224e+25,-1.8708182811668845e+26,-3.40896715559281e+26,3.0023262804790022e+26,3.2646244536669814e+26,3.4815859119882494e+26,1.1192409348182619e+27,-1.2842066112859952e+27,-1.999243309074227e+27,-1.3508919584578328e+26,2.241079148255681e+26,-8.529213972556725e+26,1.254754408424009e+27,-5.1203638095993034e+26,1.101127113156401e+27,1.5362205801845296e+27,-1.2010247040117836e+27,5.708078307302999e+26,1.547451538446055e+26,4.127892765722342e+26,2.7604508407432133e+26,1.4745646175976724e+27,2.7481285842570306e+27,6.894740112952745e+26,1.4695137342042755e+26,5.647722646604665e+26,1.3240817258197297e+26,-3.7509616606710865e+27,2.2006593829812533e+27,-2.8851465483790573e+27,1.5203742415231104e+27,1.2577303929479224e+27,6.741685770408658e+26,-6.99274625795119e+26,1.807666415269643e+26,-1.1290805138263412e+27,5.924131470548127e+26,-1.603022891529302e+27,-1.2380928976153092e+27,-1.499896150437998e+27,6.086106682908494e+26,-3.0867225380681377e+27,-4.7383590248402157e+27,2.741866311515236e+27,1.2416303963082436e+27,8.262338873467557e+26,1.0479157219744391e+27,1.5544811845201301e+27,-2.0150379495983614e+27
-5.270610216092804e+26,-1.331477171981544e+27,2.3790491396781982e+26,3.147619805768472e+26,2.0345118770001634e+26,4.188530890284034e+24,6.603770067902073e+26,4.8022630567572154e+26,4.064410485342762e+26,3.4426456582945536e+26,5.916941509504834e+26,1.2042584378911584e+27,1.1721117273499236e+27,5.849199790211491e+26,4.385352857638642e+26,5.424980972884161e+26,7.105346384896073e+26,5.41535622736435e+26,3.698095529512534e+26,4.840069135627024e+26,5.956677806288335e+26,1.1639098214030357e+25,6.065869646444843e+25,3.0407401935612463e+25,3.924117893671678e+26,2.111166547255673e+26,8.499716735728166e+26,-1.5813688851251392e+27,5.675608628709785e+26,2.4960729488729885e+26,3.0748544145761735e+26,-6.378952282419638e+26,-2.6117803260312745e+26,-1.5145520204306351e+26,-1.209035061201411e+27,1.3122172926133282e+27,1.3801613450654564e+27,7.712045459671947e+26,3.547787332114019e+26,-4.7453037010067866e+26,1.6026130673405107e+27,-2.5541430808730016e+26,3.532169548710024e+26,1.5358832005836532e+26,2.7773995206054932e+26,-6.001941172122918e+26,-1.3976266475951382e+26,-5.040207612144495e+24,4.616616937816992e+25,3.726889437420861e+26,-1.2921718438905986e+27,-1.337265560158582e+27,-3.601386561441846e+26,5.694762216319282e+25,-4.738048574037455e+26,-7.413838082710084e+26,-3.2798402037829473e+26,-8.65849697188171e+25,-2.770458331675605e+26,-4.5368832770817105e+26,-4.7499827208003526e+25,-3.5946651584344455e+26,-4.2105972101992494e+26,1.2044103826048774e+26,2.6360580227623336e+26,7.187879546110214e+26,7.717905253461748e+26,-6.509032033910056e+25,-1.938930138399725e+26,-3.434059918170551e+26,2.9654161450350576e+26,3.0796521415305168e+26,2.8130159249189735e+26,1.0278231038083644e+27,-1.1209988812751555e+27,-1.9334069514497673e+27,-6.614597269943039e+25,2.4528344094446097e+26,-7.219234842762365e+26,1.1690113529539631e+27,-3.955283794471681e+26,9.999238048146745e+26,1.5020264301273536e+27,-1.1067830712669711e+27,5.730194094461491e+26,1.85382889609939e+26,4.5377018139218056e+26,2.845032708765152e+26,1.404567298487043e+27,2.5438722203624904e+27,7.236195146257775e+26,1.4657069167500781e+26,6.140024130806286e+26,1.3446816197198102e+26,-3.724987737801917e+27,2.170494261721905e+27,-2.8974425120187516e+27,1.5111083918593272e+27,1.3217305401976115e+27,6.875180696609067e+26,-7.269288697585706e+26,1.8475965066795313e+26,-1.180537957774232e+27,6.271105929258978e+26,-1.6782042672048287e+27,-1.3097826076840299e+27,-1.486362514670743e+27,5.821052649382565e+26,-3.117891959230117e+27,-4.692126695287927e+27,2.786050156707811e+27,1.3207009121031206e+27,9.024281599968664e+26,1.1302956723952035e+27,1.6410671910253547e+27,-2.0910260560316455e+27
-2.8827540153918574e+26,-5.85762622310281e+26,1.3615935729645203e+26,2.3154270935692827e+26,1.416037800320625e+26,5.499228747796703e+25,4.38940008946387e+26,3.891309249706324e+26,4.649563143744679e+26,3.7803790047258796e+26,3.336788598953798e+26,6.144003377356376e+26,5.849199790211491e+26,5.0117229299193434e+26,5.58129676781528e+26,5.05249701633414e+26,4.323968855721949e+26,4.744599963663307e+26,3.859591645359193e+26,3.383466899730578e+26,3.4463721226497845e+26,-1.7298392421202954e+26,-1.9278642020025946e+26,-3.012670045623687e+26,-2.4764417091885053e+26,-1.4759468445084933e+26,-1.2354033714894886e+25,-1.0590786178346571e+27,7.040769432352782e+26,3.966993204183723e+26,2.44431464718291e+25,-5.297185799968656e+26,-9.783592489936698e+25,-1.9062545372407492e+26,-7.855386323309616e+26,7.747312335234059e+26,9.644755420937277e+26,3.4859230398022906e+26,5.804857922463497e+26,-2.7747418860589682e+26,1.0258348024718502e+27,-1.5316107052779047e+26,2.5812169390725684e+26,9.083198935145708e+25,1.9289311576899466e+26,-1.4308436758258943e+26,3.0431751319669607e+25,1.1935817844595201e+26,8.929749257543423e+25,1.5187531216547347e+26,-4.6601005050975084e+26,-4.6829878494638546e+26,1.1715814309423465e+25,1.8840554308867725e+26,-8.042179099867812e+24,-1.842380798738291e+26,1.4020892351663964e+25,8.952032603371417e+25,5.691983975965842e+24,-1.5825721916747497e+26,-1.0860649091867619e+26,-1.855140602976194e+26,-3.597738954739989e+26,-3.7108755416985816e+26,-9.090874211955043e+25,-2.0618717076582433e+25,2.6001978256541062e+26,-2.9107202110941157e+26,-1.7510611934411253e+26,-2.1858537711603398e+26,1.1500998714030602e+26,2.0240885328465098e+26,9.328218340663167e+25,4.500380272321153e+26,-4.713178799527723e+26,-6.738053142512215e+26,-1.9524775220624646e+26,3.0956166826365096e+26,-3.093760046647175e+26,6.479705808920067e+26,-5.800630083498767e+25,6.198143186389905e+26,1.1453443241536231e+27,-1.0153470248372858e+26,8.032888994915797e+26,4.3999725043035134e+26,8.952040400827066e+26,6.786191295255472e+26,1.5982838254722078e+27,1.0783874437612936e+26,4.551201283816418e+26,-2.306281382596404e+25,3.785697341926276e+26,-6.279730448862825e+25,-2.134519606057318e+27,9.794834239935456e+26,-1.5709354653192546e+27,5.6987568860655474e+26,6.0881440365760777e+26,1.5908907502475133e+26,-6.266877368575356e+26,-2.0008563501057354e+25,-7.761489668154266e+26,2.045026811808576e+26,-9.640702780769995e+26,-6.733944292511366e+26,-1.1851298576354686e+27,1.0749427376696558e+26,-1.6394145033072897e+27,-2.3024392827689643e+27,9.850220949180853e+26,3.10232868601566e+26,2.0558871959780983e+26,3.9897536265132895e+26,7.54849143932767e+26,-1.0632216448683697e+27
-1.6548357215286174e+26,-1.7798952613481114e+26,8.121927959312924e+25,2.417707284076367e+26,1.3752885507181057e+26,1.9817952371979448e+26,4.063105581723948e+26,4.0353988787526846e+26,6.290576799426929e+26,4.925516116852777e+26,2.971029649783017e+26,4.7131749606872595e+26,4.385352857638642e+26,5.58129676781528e+26,8.302131842098751e+26,6.0393976301059886e+26,3.9272611229635104e+26,5.563322380902017e+26,5.0135248319510255e+26,3.272532675683844e+26,3.222177847279108e+26,-4.171471295051654e+26,-5.074625215395706e+26,-7.36671444162683e+26,-8.76785935857291e+26,-5.0441581776350774e+26,-7.093573919673692e+26,-9.175911670125814e+26,1.075081262478633e+27,6.737189325548634e+26,-2.8543422738338195e+26,-4.949073370954213e+26,1.2417865795082524e+26,-1.7675966419280036e+26,-4.439509338518472e+26,6.954466067536848e+26,1.0978498339186593e+27,1.4768564087681638e+26,9.982664931428294e+26,-2.8075482932365177e+26,1.244080888271052e+27,-1.8626259506148445e+26,2.8075037805704517e+26,1.1776427966037294e+26,2.9993259615040864e+26,-2.477986518558215e+25,9.400661361557778e+25,2.3281520816372597e+26,1.5720849104557248e+26,1.1632908254762529e+26,-2.36259835971553e+26,-2.1476628783539094e+26,1.4848274849199761e+26,3.498700635226142e+26,1.605783567777117e+26,-5.383291009736944e+25,1.330415785027464e+26,1.9171887971838456e+26,9.82140078794983e+25,-8.074662323491629e+25,-2.0487196169590367e+26,-2.4183997498700166e+26,-5.74863657450512e+26,-9.059950216918581e+26,-3.63772537967197e+26,-4.481647224083209e+26,2.5904481815496087e+26,-5.705552270125874e+26,-2.7438208020454233e+26,-3.3388915178195265e+26,1.6173072035989896e+26,3.0473140691423922e+26,6.357969566357686e+25,5.1756171620097934e+26,-2.7689483708290395e+26,-2.6834426612243703e+26,-4.425696369660875e+26,5.365493080398998e+26,2.0833454299510898e+26,8.930636121028085e+26,4.1141227605719335e+26,8.520308495063368e+26,1.3856549278215648e+27,4.4506986324255814e+26,1.3534511406274764e+27,8.568850312218882e+26,1.7158579599996767e+27,1.3590428819450418e+27,2.3835469196236936e+27,-1.5079557348678125e+27,4.322973076171567e+26,-8.118065457273895e+25,3.81085439284132e+26,-1.7203152920041278e+26,-1.806664056660734e+27,9.861594132245163e+26,-1.1465690358124799e+27,4.994829700832565e+26,3.162027096215937e+26,3.8089401578143527e+25,-8.184165075166468e+26,-9.213954394399704e+25,-7.933865878431037e+26,1.5264890809380449e+26,-9.216260611975944e+26,-7.081859495739382e+26,-1.2983129711133883e+27,-3.738179426165007e+24,-1.587630262144839e+27,-1.965263172037445e+27,3.280778539172661e+26,-1.7579576952380598e+26,-1.2624194779676091e+26,1.601326592253067e+26,6.163273440994447e+26,-1.0007446528465536e+27
-2.5093578024174786e+26,-5.2820769079198116e+26,1.0548485466399674e+26,1.853748844461019e+26,1.1376390298931241e+26,3.558257567979317e+25,4.147832658380392e+26,3.7285344301704704e+26,4.7517248297981104e+26,3.6665334701618835e+26,3.0901489417107325e+26,5.6828808805401086e+26,5.424980972884161e+26,5.05249701633414e+26,6.0393976301059886e+26,5.355260819059613e+26,4.8560690180906284e+26,5.303115718155942e+26,4.374930688001457e+26,4.0426428395910904e+26,4.7384060004047274e+26,-1.6645889087801847e+26,-2.059433808126125e+26,-3.683316005298909e+26,-3.1954225334476655e+26,-1.3810182413629567e+26,-9.814463388022846e+25,-1.1561463684252402e+27,7.731788759977889e+26,4.3423460898480904e+26,2.298160880051443e+25,-5.968050802207153e+26,-1.0574775740584829e+26,-2.2305912039109605e+26,-8.866213138452041e+26,7.172932682107342e+26,1.0431536520273101e+27,5.4885409695159735e+26,6.02978603683667e+26,-2.468097534428956e+26,9.776937296116866e+26,-1.2694674743405003e+26,2.0523693312605153e+26,6.941328604187028e+25,1.7095033150991708e+26,-1.3228393829990585e+26,2.77615112145267e+25,1.2347539103840618e+26,8.592588316631916e+25,1.398648958547709e+26,-4.084313291073039e+26,-3.815927538388853e+26,3.761165721468531e+25,1.985929055230585e+26,3.97923397298447e+25,-1.0686633159526167e+26,6.396978483335475e+25,1.1699882691636202e+26,6.229176882327804e+25,2.267555690376065e+25,-5.772558187691912e+25,-1.3445535653993708e+26,-3.6910057698615455e+26,-4.092381485697418e+26,-6.010511633949223e+25,-1.1478376374730144e+26,1.8866451242534424e+26,-3.092882901330614e+26,-1.6250434226030158e+26,-1.9856142229509014e+26,9.540352466368656e+25,1.8106979004967093e+26,4.734068616642489e+25,3.479413789830227e+26,-4.412215616416108e+26,-5.3363796689765866e+26,1.6088993469134977e+25,2.9337657034543098e+26,-3.959260021717623e+26,5.2985496866800046e+26,-8.175861500522938e+25,5.321056805340372e+26,1.1093752888114532e+27,-1.0081943382709152e+26,8.276300568337279e+26,4.1649502779518515e+26,9.504020178406516e+26,6.461842448237943e+26,1.8214260911937728e+27,-1.2319986200297077e+26,4.747525356409159e+26,-4.7880524309842375e+25,3.862313000158354e+26,-9.844346527975748e+25,-2.2100784925100572e+27,8.689102479378335e+26,-1.6216175499838943e+27,4.608876236854375e+26,5.8565563396827446e+26,9.100329271615652e+25,-6.972199331513724e+26,-5.167640535268963e+25,-8.12169123904763e+26,1.609143973176502e+26,-9.717450895310812e+26,-6.536390478943332e+26,-1.3005398257600423e+27,3.3417190767873617e+25,-1.6038965169429875e+27,-2.1945113710919957e+27,8.566121130852007e+26,1.9742000633311483e+26,1.1354734476245497e+26,3.2423794452006505e+26,7.025798575415271e+26,-1.0296157254626929e+27
-2.0349450042321046e+26,-7.411467301133222e+26,1.114771014983524e+25,-3.2374743646935907e+24,-3.2846799220747843e+24,-1.7679341976430675e+26,3.9755620210056585e+26,2.936728980195812e+26,2.776077921317131e+26,1.7215101660973895e+26,3.122946146697987e+26,6.968197660173808e+26,7.105346384896073e+26,4.323968855721949e+26,3.9272611229635104e+26,4.8560690180906284e+26,8.422631928143596e+26,6.0935841792673524e+26,4.310730555957194e+26,7.092042628848578e+26,1.1988558996816907e+27,3.0666594145240914e+26,2.7506071976929036e+26,3.957711685775913e+24,3.3978074026581354e+26,5.4986079728480504e+26,6.042817130925226e+26,-1.797725582534131e+27,5.530826056230364e+26,1.8283473027872196e+26,4.148637414917808e+26,-8.41539687335685e+26,-3.416281356936228e+26,-3.7030381309007296e+26,-1.6894695143297875e+27,6.780996153920683e+26,1.35730049992145e+27,1.8285898937348055e+27,1.8911183804850495e+26,-1.5906833644128015e+26,7.220518509943857e+26,-2.757598781379158e+25,-1.0967501307237126e+25,-1.0594022126829393e+25,4.6088774730093435e+25,-3.147388556092477e+26,-6.792028197161362e+25,3.2601041240067388e+25,2.5076466473555546e+25,1.8016481257877506e+26,-6.502537921129317e+26,-5.8301241351775616e+26,-7.799195868689959e+25,9.108130542984248e+25,-5.043648702618406e+25,-1.054035303977964e+26,6.9355759119367306e+25,1.0579420902093915e+26,1.5345631939526897e+26,6.837353599925591e+26,3.542291465679539e+26,1.2675594715369889e+26,-2.551281239482368e+26,1.184272335706225e+26,5.9707817972785505e+26,6.842349655819315e+25,-3.8738609043855186e+25,-1.1446603060344004e+26,-4.718426581854624e+25,-5.472453530239855e+25,-1.6118750724951793e+24,5.635113501806672e+25,-8.186447651271415e+25,-4.7999123577116715e+25,-6.468767849046093e+26,-7.668234816759787e+26,1.2940707127053503e+27,5.2763375324725755e+25,-1.292677343910261e+27,-6.7088125368314575e+25,-6.639240016024795e+26,5.895966496455056e+25,8.043047759657223e+26,-8.494095055550499e+26,3.121170950093913e+26,-6.822496014341056e+25,2.682054274008506e+26,-1.639701327198729e+26,1.8238662759723924e+27,1.0166391548092382e+27,6.880641818916534e+26,-1.0433292679192115e+26,5.387049027264746e+26,-1.550370925405445e+26,-3.261008757976261e+27,6.223776648038686e+26,-2.6233739422217873e+27,2.3804111229275608e+26,1.032454878088573e+27,-8.43100912410127e+24,-8.570795098463654e+26,-1.2127990679220171e+26,-1.0715268712963238e+27,8.445805187363243e+25,-1.2351692759433378e+27,-6.842945285760697e+26,-1.720368649554294e+27,-1.3017911813669446e+26,-1.8702288511576917e+27,-2.675286525131715e+27,1.4706854932279423e+27,5.024341057293479e+26,2.5187529840854015e+26,4.421999513079046e+26,8.531551675572513e+26,-1.2116988868416047e+27
-2.3435583658717227e+26,-5.8402752071187014e+26,6.448266713811598e+25,1.0250217952774659e+26,6.116978292641898e+25,-6.0091352286237305e+25,3.9185355005543775e+26,3.354746445004792e+26,4.092480317485482e+26,2.9149086063108827e+26,2.971826173345311e+26,5.617877273289288e+26,5.41535622736435e+26,4.744599963663307e+26,5.563322380902017e+26,5.303115718155942e+26,6.0935841792673524e+26,5.904448359409955e+26,4.773511099983986e+26,5.5814560137614384e+26,7.5458809163061e+26,1.7660558737296843e+24,-4.554415022098119e+25,-2.9896185134844134e+26,-2.0150313756518636e+26,6.748974004027258e+25,-1.3750204085071157e+24,-1.405192172140638e+27,7.309996705811079e+26,3.709456221805685e+26,1.7062346668224392e+26,-7.506895851002616e+26,-2.095751010830292e+26,-3.007298399657596e+26,-1.2299768834014691e+27,6.644960372607084e+26,1.1175002611825103e+27,1.0451249562610465e+27,4.563272723083703e+26,-2.0725751137646104e+26,8.161217751901558e+26,-8.4358457850493e+25,1.1258886543229681e+26,3.4575085707995917e+25,1.0675789039234188e+26,-1.7835386349068364e+26,-6.402270252241477e+24,8.383667330025939e+25,5.565798452700761e+25,1.4857726571389264e+26,-4.305647219488833e+26,-3.611836109923803e+26,1.2956938807235892e+25,1.5227043546124129e+26,3.813342123491646e+25,-3.6251742055263168e+25,9.003010073226361e+25,1.163890944421498e+26,1.1907350682384816e+26,3.4209807061374875e+26,8.633865957454417e+25,-6.816546284166526e+24,-2.9208278274279708e+26,-2.7923330667676006e+26,1.230358717383398e+26,-1.7096219072247664e+26,2.8524697552791157e+25,-2.339647513706154e+26,-1.063470866531624e+26,-1.1890303810738341e+26,3.253407701387174e+25,1.155580613849948e+26,-1.068870244678364e+25,1.3053712245965564e+26,-4.8836220636351294e+26,-4.675660437029398e+26,5.211342115999454e+26,1.854413128136817e+26,-8.028967117407644e+26,2.2884423128180276e+26,-3.285475639119012e+26,3.0397746754935015e+26,9.334366750051492e+26,-3.216033847012246e+26,6.285072149019365e+26,2.2281357843301305e+26,6.962533963352533e+26,3.3589438258997866e+26,1.9022797171977245e+27,9.94425513003132e+25,5.1062702330124484e+26,-9.126520033026198e+25,3.7302627434093225e+26,-1.4878484368346191e+26,-2.4207582716631e+27,5.877369374203742e+26,-1.84490000729679e+27,2.2264924602507076e+26,6.1476749745536845e+26,-3.8310562255625776e+25,-7.52575661714039e+26,-1.0891968135218581e+26,-8.31320608162259e+26,4.228282641997185e+25,-9.18988530897494e+26,-5.1894004241114185e+26,-1.4509823272391287e+27,-9.282769716903023e+25,-1.4537038117704924e+27,-2.0307658122839772e+27,7.87995822989641e+26,8.874704836103318e+25,-1.7071650414796805e+25,1.8244937887204318e+26,5.582323578466574e+26,-8.89840371498749e+26
-1.875817512275607e+26,-4.045717250968458e+26,4.804304513915012e+25,9.173895436469075e+25,5.048469472844765e+25,-3.3133553453340855e+25,3.074908962149849e+26,2.752708425338652e+26,3.6323288736709966e+26,2.615386309017163e+26,2.352948869587308e+26,3.976938936041921e+26,3.698095529512534e+26,3.859591645359193e+26,5.0135248319510255e+26,4.374930688001457e+26,4.310730555957194e+26,4.773511099983986e+26,4.095259697745066e+26,4.288212116621905e+26,5.317955490871418e+26,-6.204380525297124e+25,-1.1256336209379004e+26,-3.468256741463787e+26,-3.4918124572546556e+26,-6.6843532240584245e+25,-2.35239419906779e+26,-1.0337273622992622e+27,6.518858909836433e+26,3.5508982977503665e+26,7.3241174261499345e+25,-6.1307379835566005e+26,-1.4127210975842386e+26,-2.532421233095287e+26,-9.143536784629867e+26,5.156559618482786e+26,8.414829491416099e+26,7.007038736952052e+26,4.425804331146872e+26,-1.8100944242785784e+26,6.696327646594259e+26,-8.346254011692073e+25,1.0623238951357432e+26,3.8467827958707362e+25,1.0019412859742938e+26,-1.1036904839505e+26,7.050203931804214e+24,7.956050244202555e+25,5.0785174548785405e+25,1.1577807723771734e+26,-2.721839987457525e+26,-2.018298342072628e+26,3.7360643827883273e+25,1.397472392750703e+26,6.426427431555669e+25,1.3582761239076078e+25,8.957739037780116e+25,1.0146752716838183e+26,1.0297202453912832e+26,2.5381670593634294e+26,1.7319060278657032e+25,-1.9811026161109763e+25,-2.4225427235814578e+26,-3.5131253931533344e+26,-1.8462843481223163e+25,-2.5892445465706475e+26,4.8162386307127004e+24,-2.2488579970532847e+26,-9.714291416883426e+25,-1.052182520140546e+26,2.6180275540503515e+25,1.0481007975416714e+26,-8.074092036253493e+22,1.1495095590679866e+26,-3.5000229294089075e+26,-2.361166557511427e+26,2.8524024135045093e+26,1.8022887130052423e+26,-5.701933462060031e+26,2.2549429706174237e+26,-1.9899046606124237e+26,2.874762935257703e+26,7.537474265123283e+26,-1.1134137791771642e+26,5.901190773604069e+26,2.5266452271428066e+26,6.851810108548106e+26,4.0233303342421474e+26,1.6323494377290154e+27,-2.8007391651353632e+26,3.366603620138336e+26,-8.395077137635328e+25,2.219347546489333e+26,-1.3807871053813978e+26,-1.6728907140223638e+27,3.8228447750563286e+26,-1.218342258094821e+27,1.0338414671685006e+26,3.125819356508271e+26,-8.385130826442318e+25,-5.786775962299208e+26,-1.0362439058318971e+26,-5.651371946624013e+26,-1.8819075649481387e+25,-5.8531896665062765e+26,-3.145448980963534e+26,-1.1079048380693041e+27,-1.0532992386839353e+26,-9.674340891005164e+26,-1.3316325095801148e+27,3.25492366338821e+26,-1.4000214100987085e+26,-1.7032930272825356e+26,-9.981386639790012e+24,2.8103035624840674e+26,-5.4464349360593276e+26
-1.941969430289018e+26,-6.64508591232649e+26,-2.92815724553854e+25,-6.477731429041947e+25,-5.371456315616028e+25,-2.5511784102874043e+26,3.129173958010043e+26,2.3327758717337236e+26,2.101413050554754e+26,1.1751391324713056e+26,2.5519522019825944e+26,4.937500519539567e+26,4.840069135627024e+26,3.383466899730578e+26,3.272532675683844e+26,4.0426428395910904e+26,7.092042628848578e+26,5.5814560137614384e+26,4.288212116621905e+26,7.377218510926479e+26,1.129510661747146e+27,4.39384711293317e+26,3.9332380813931474e+26,1.0657063350032031e+25,2.1670929895345682e+26,5.781462246988344e+26,3.2545543379692866e+26,-1.699779024065957e+27,4.597548354701805e+26,1.338245690027997e+26,4.8104265495469856e+26,-9.423101983229419e+26,-4.058079363662754e+26,-4.450553526145871e+26,-1.7977218728558771e+27,5.0556425875252885e+26,1.0203115941091956e+27,1.8098034583413852e+27,6.752223902323386e+25,-1.310008651100554e+26,3.9008104940460536e+26,-1.0802244526909574e+25,-6.687982942733246e+25,-2.4197715755201563e+25,-2.468658108618178e+25,-2.4494994875692466e+26,-6.963038905688051e+25,-1.3732021740435053e+25,-1.1515933178169763e+25,1.5722643942276168e+26,-4.416939960749063e+26,-3.2411189052750514e+26,-5.634606821807559e+25,1.8194892218893426e+25,-8.310929529234597e+24,5.160644755975038e+25,8.789137822544058e+25,7.139158746908367e+25,1.721506329148824e+26,8.346339439131186e+26,3.760669385612507e+26,2.5004672814137025e+26,-4.691382871109517e+25,1.215252375664977e+26,5.3232854270525794e+26,-1.958133818179514e+26,-2.996306818884222e+26,-1.3010146674355754e+25,2.8849898159514054e+25,6.831120424597917e+25,-1.0292041697523384e+26,-2.7395432995438738e+25,-1.0689163024560698e+26,-3.1969186438711725e+26,-5.376994371515009e+26,-3.6186507581813595e+26,1.3844780955942882e+27,-6.1793698384837314e+25,-1.5481242285168686e+27,-3.967877285118182e+26,-8.31913126397311e+26,-1.8402016753301594e+26,4.4622450054203e+26,-7.30302806572858e+26,9.664855479480491e+25,-2.0614855587042855e+26,-2.3298288843473074e+24,-3.6021118791000965e+26,1.5921134406354115e+27,7.470497536627167e+26,5.083701060327142e+26,-1.6062352976401952e+26,2.8567719492075674e+26,-2.1919479240862772e+26,-2.498120293583069e+27,-1.001096298762491e+26,-2.0427894121678424e+27,-3.0429664609374147e+26,6.149663193507012e+26,-2.9284928383708584e+26,-7.196894437165876e+26,-2.0727795098912187e+26,-7.265251333924936e+26,-2.2896502517018008e+26,-6.406796261625773e+26,-1.152782912248881e+26,-1.5244653703361955e+27,-3.358227197773387e+26,-8.921608630402591e+26,-1.3998966604781795e+27,5.8827534135983026e+26,-9.673599107267315e+25,-2.62000151648939e+26,-1.4113257696975762e+26,1.5178789536351674e+26,-4.315028520422628e+26
-5.782002492807652e+25,-7.823983977607932e+26,-3.714484193572914e+26,-5.138721102782379e+26,-3.920045750594753e+26,-6.683391385073935e+26,3.232305447713069e+26,1.9017573918137638e+26,1.353944486655241e+26,-2.473394803577335e+25,3.2022448395013074e+26,5.704678340738249e+26,5.956677806288335e+26,3.4463721226497845e+26,3.222177847279108e+26,4.7384060004047274e+26,1.1988558996816907e+27,7.5458809163061e+26,5.317955490871418e+26,1.129510661747146e+27,2.4473680834472073e+27,1.0590177878487193e+27,8.902829378362023e+26,2.5295479273778103e+26,9.691264775242773e+26,1.5976914890803417e+27,9.831005249660428e+26,-2.709808196200763e+27,5.1282779441780756e+26,-1.271660006253361e+25,7.859241345832822e+26,-1.4165617847732737e+27,-7.296321381862395e+26,-1.0036899918806087e+27,-3.3532939991874047e+27,4.601116871299687e+26,1.866308536661423e+27,4.1093496494461556e+27,-1.2899828037587217e+26,-1.0808944736405255e+26,3.709885690478045e+26,9.167158855557445e+25,-5.37276563515238e+26,-1.5278830218418957e+26,-1.6345803290891196e+26,-5.2261171560998486e+26,-2.3183322520519868e+26,-1.0811621564619637e+26,-8.989448124080704e+25,2.754096399423359e+26,-6.299010932223468e+26,-3.497276153283118e+26,-1.5710599774188376e+26,-6.557560520433769e+25,-1.5682372541843899e+25,1.9900104518111082e+26,2.2565470486090957e+26,1.4825146522635369e+26,4.617644030808025e+26,2.286388288218565e+27,1.2519361011231625e+27,7.728246845304411e+26,-4.457211250630521e+25,8.129576251369296e+26,1.7453531927346718e+27,-9.531591451297525e+25,-6.793221776957237e+26,1.398346277229286e+26,2.0826718087419845e+26,2.6513322258212006e+26,-2.1023850811612728e+26,-1.8425691946388588e+26,-4.219024239450688e+26,-1.0164223085594363e+27,-8.79112656551458e+26,-2.942797250457104e+26,3.800929375479415e+27,-3.553700705234229e+26,-2.9346653080621976e+27,-1.3502082457810537e+27,-1.6860712383776848e+27,-8.732750098352024e+26,1.6711202181443072e+26,-1.7170362859898138e+27,-1.5669956240921915e+26,-7.931013478120227e+26,-2.9161513161923757e+26,-1.2769804197689463e+27,2.831547797684374e+27,1.1880106563737218e+27,7.82749859806755e+26,-2.792865187607309e+26,5.805965271083745e+26,-3.862224137669597e+26,-4.5580927047729605e+27,-3.680617438851879e+26,-3.58724508094113e+27,-6.72466934285853e+26,1.128663749869114e+27,-4.9428643667559854e+26,-1.1603467934447187e+27,-3.656251285761525e+26,-1.2441472183413364e+27,-3.047557841479857e+26,-1.2379775876175316e+27,-4.14176232298589e+26,-2.6435329856839905e+27,-7.435728346107683e+26,-1.721262969106719e+27,-2.3295581324771624e+27,1.283795021096173e+27,1.9873142285597584e+26,-1.2705725947021129e+26,2.5811770164377356e+25,4.932167834845684e+26,-9.579989015948858e+26
-1.7311884414550765e+25,-5.515244966135114e+26,-2.051673357670922e+26,-3.8023716465489015e+26,-2.561103105390056e+26,-4.959741844360352e+26,-7.038374996378611e+25,-1.2243501081935364e+26,-3.273374815748737e+26,-2.847048219181447e+26,-1.544237143204623e+25,-3.2571043075628904e+24,1.1639098214030357e+25,-1.7298392421202954e+26,-4.171471295051654e+26,-1.6645889087801847e+26,3.0666594145240914e+26,1.7660558737296843e+24,-6.204380525297124e+25,4.39384711293317e+26,1.0590177878487193e+27,1.2708921002114086e+27,1.1915715816656501e+27,9.556968013335144e+26,1.598008139270129e+27,1.689757601857148e+27,1.4710087058182748e+27,-1.3993295205688202e+27,-5.145118706776819e+26,-4.889577925797987e+26,7.97103250873562e+26,-6.688865564498618e+26,-5.634618620188533e+26,-4.6405537050284385e+26,-1.989058128340524e+27,-1.5071430981374615e+26,4.501305301385521e+25,2.2374108071507557e+27,-8.00965486149902e+26,9.486235015957072e+25,-7.564857667834466e+26,1.525838311873352e+26,-4.160142250678489e+26,-1.414992811090494e+26,-3.197422365660477e+26,-2.2666627622741987e+26,-1.7692913317096646e+26,-2.600550131464871e+26,-1.7375814672522277e+26,6.24740683309272e+25,-1.6911258008253195e+26,-6.409121754124979e+25,-2.192177806476607e+26,-3.616770106794969e+26,-1.801419634768281e+26,1.2609643510847155e+26,-4.375708147551358e+25,-1.2858176034004813e+26,1.1959394015742941e+26,1.288296204337032e+27,9.590770059784159e+26,7.33885466218062e+26,6.226620411523533e+26,1.3049513345018032e+27,1.4596598705029607e+27,1.5467677145801858e+26,-8.005130805456489e+26,6.084513276016737e+26,3.644563458703529e+26,4.854064309074212e+26,-3.3085873384454936e+26,-3.548166178149541e+26,-2.4869855026080238e+26,-1.0997185393598446e+27,-3.027036871957207e+26,-6.910165834266692e+25,2.4784863352776064e+27,-6.472068343961482e+26,-2.1028885152699656e+27,-1.591870835787398e+27,-1.417034502329086e+27,-1.1922359358543439e+27,-8.527040846433958e+26,-1.2941263008006214e+27,-1.1217325878130854e+27,-1.1512473742254552e+27,-1.6124764417247448e+27,-1.8726987784644228e+27,-4.891534102225079e+26,2.3306844972663685e+27,4.0405554265846184e+26,-1.968523780558618e+26,2.301834995869166e+26,-2.2297551111044993e+26,-1.7131310134604632e+27,-1.3565787879255288e+27,-1.7461684991835058e+27,-1.1294983653195528e+27,7.529069672278693e+26,-5.828774044579209e+26,-3.196348144955556e+26,-2.8042688560300524e+26,-4.3268243030926985e+26,-5.9459478044410326e+26,-1.3799532539462313e+26,5.759092238265231e+26,-9.869139190435126e+26,-5.842215535571262e+26,4.0972297490181795e+26,2.9705614007059696e+26,4.243079979051843e+26,1.1122050911276897e+26,-1.9700570762573742e+26,-3.296631140187994e+26,-3.81791531222313e+26,3.9366598264574036e+26
-5.6775558475881985e+25,-6.434855468813012e+26,-1.5816347179871023e+26,-3.413047649979523e+26,-2.235808114589764e+26,-4.955957619956502e+26,-6.1289299378160565e+25,-1.2611282449421513e+26,-3.77148447146301e+26,-3.1294830316297795e+26,-1.12614345170914e+25,4.342089430294561e+25,6.065869646444843e+25,-1.9278642020025946e+26,-5.074625215395706e+26,-2.059433808126125e+26,2.7506071976929036e+26,-4.554415022098119e+25,-1.1256336209379004e+26,3.9332380813931474e+26,8.902829378362023e+26,1.1915715816656501e+27,1.1834808607923022e+27,1.026281416306588e+27,1.612897041861203e+27,1.5585724093437416e+27,1.5357046815386206e+27,-1.2320092485825838e+27,-6.424371639752266e+26,-5.658863399405664e+26,8.535789084875903e+26,-5.9909629634742774e+26,-5.9115710814527554e+26,-4.022079737761003e+26,-1.8579164747946837e+27,-1.2407981959436808e+26,-6.85046935743324e+25,1.9600333189019167e+27,-9.132192324574686e+26,1.0069392380996224e+26,-8.149776711935397e+26,1.559715289092923e+26,-3.78804398154663e+26,-1.3880415068339412e+26,-3.350956533428852e+26,-2.3671069927037028e+26,-1.76446251352679e+26,-2.7617294418342274e+26,-1.8075090870317986e+26,6.018228161573317e+25,-2.3208249777768786e+26,-1.5560976139769846e+26,-2.463362496089441e+26,-3.9112715901344985e+26,-2.2874725899342108e+26,5.452579554054786e+25,-9.294740302934687e+25,-1.595447584136106e+26,5.189544148844235e+25,1.0373131154721373e+27,8.272038576092642e+26,6.35120093221443e+26,6.522607873301896e+26,1.377209536517944e+27,1.3118684535325534e+27,3.670171371133906e+26,-6.799080500679759e+26,6.673195604224717e+26,3.6649764754963756e+26,4.8034749626700496e+26,-3.088174978997974e+26,-3.646444913242942e+26,-2.1082218892968588e+26,-1.0051403808314938e+27,-3.2645946552766434e+26,-2.2301154327338326e+26,2.1907476032682032e+27,-6.733518205953973e+26,-2.063479806966877e+27,-1.5123875870558691e+27,-1.4497170803690576e+27,-1.1746974680467047e+27,-8.92442183175752e+26,-1.3600240926172545e+27,-1.26247656639437e+27,-1.2019883202344132e+27,-1.821237451571152e+27,-1.963971146122302e+27,-8.666354660959457e+26,2.778618172073652e+27,3.1102420180636385e+26,-1.1415656681582068e+26,1.2066265354555101e+26,-9.704017815724157e+25,-1.487540192492645e+27,-1.2171644658501035e+27,-1.588475796485735e+27,-9.451754758991947e+26,7.035944281116262e+26,-4.139808422327576e+26,-1.2744231894791746e+26,-1.7417144792166277e+26,-2.7942736376402138e+26,-4.7297894368070654e+26,-4.266551213630466e+25,5.585392775206841e+26,-7.290316667116594e+26,-4.46032773931312e+26,4.3916960691660434e+26,2.2974820737534336e+26,6.0349406820613566e+26,2.8744903991767336e+26,-4.270665464266411e+25,-2.142427218388291e+26,-3.2929038831039164e+26,3.9110996664031546e+26
-1.0589330870092747e+26,-7.816765995772382e+26,-1.4476581442825662e+25,-2.1538216474641098e+26,-9.622435426506574e+25,-3.495391219086319e+26,-1.4800910896348305e+26,-1.9575231586204014e+26,-4.892648997093791e+26,-3.628245316672805e+26,-1.0159691585529895e+26,2.8082184609629336e+24,3.0407401935612463e+25,-3.012670045623687e+26,-7.36671444162683e+26,-3.683316005298909e+26,3.957711685775913e+24,-2.9896185134844134e+26,-3.468256741463787e+26,1.0657063350032031e+25,2.5295479273778103e+26,9.556968013335144e+26,1.026281416306588e+27,1.272353119136206e+27,2.0191325830986792e+27,1.4035150954191517e+27,2.1197599370699991e+27,-7.052666256329655e+26,-9.821255716997344e+26,-6.909059085167187e+26,7.58607370500304e+26,-1.4281210963511623e+26,-4.8251007969462666e+26,-6.420620888737883e+25,-1.1418362476751592e+27,-1.8680990499523606e+26,-5.134464352168175e+26,1.0131837492629217e+27,-1.0863423982189002e+27,1.4361179876513278e+26,-9.327366437637556e+26,1.7403157024907132e+26,-2.75528638198028e+26,-1.3647034151962671e+26,-3.761809993807603e+26,-2.155930674513422e+26,-1.835554516622244e+26,-3.437572853827936e+26,-2.1354034366009652e+26,-5.195249930878948e+24,-2.6931414681791456e+26,-3.039091692516766e+26,-3.434270281121323e+26,-5.08724063650253e+26,-3.950858135630742e+26,-1.566666258588746e+26,-2.649986933365963e+26,-2.7782131136199636e+26,-1.5144307012102324e+26,3.491685994144314e+26,6.552230507907463e+26,4.5539510435438736e+26,7.437276038885133e+26,1.7375759766790664e+27,1.2072621840925365e+27,1.0545496991295928e+27,-2.8973832034484227e+26,8.733978243925084e+26,4.020966027466641e+26,4.720047198335325e+26,-2.129910123504998e+26,-3.936724900963763e+26,-1.017338624070859e+26,-6.578862091181185e+26,-2.4007624227604995e+26,-6.222362691801809e+26,1.4515717886261708e+27,-7.736360538025111e+26,-1.403295591695532e+27,-1.2616577403006316e+27,-1.2006466280184676e+27,-1.0895544938671776e+27,-9.520209553061307e+26,-1.476615620033151e+27,-1.4864858819434008e+27,-1.363842778935429e+27,-2.1926793764262582e+27,-2.2197514516915008e+27,-2.1736526388303867e+27,4.0159010831566386e+27,3.0071566857668052e+26,9.61703723568844e+25,2.240806336481031e+26,1.9964829111346423e+26,-1.2392245297202137e+27,-5.376307400673213e+26,-1.499456378078542e+27,-2.5208543262546128e+26,1.060562321704433e+27,1.0538584325472517e+26,1.8964981640265996e+26,9.989453142130581e+25,-3.254353290700876e+26,-2.0047060944789916e+25,-3.926526246775981e+26,1.1771614666870724e+26,-1.955770354204692e+26,3.708232541337131e+25,-3.071704720157267e+25,-4.137923388779828e+26,1.5695064677889914e+27,1.240699702977906e+27,8.05334486197409e+26,5.8276079549673186e+26,3.595615801434683e+26,-1.683555311455132e+26
-2.683564387678486e+26,-1.8349218066884318e+27,-4.764128472578287e+25,-3.890541791244384e+26,-1.422580138620705e+26,-5.3609013977416206e+26,-8.215974781187658e+25,-1.7816106422100027e+26,-5.627471660278956e+26,-4.3028400277129085e+26,-3.728280652731056e+25,3.401657020944488e+26,3.924117893671678e+26,-2.4764417091885053e+26,-8.76785935857291e+26,-3.1954225334476655e+26,3.3978074026581354e+26,-2.0150313756518636e+26,-3.4918124572546556e+26,2.1670929895345682e+26,9.691264775242773e+26,1.598008139270129e+27,1.612897041861203e+27,2.0191325830986792e+27,3.8899890497195366e+27,2.71757249150118e+27,4.266839602470215e+27,-2.2282931920489384e+27,-1.1677981409245647e+27,-8.725365344102989e+26,1.2194444562651825e+27,-5.460226871054613e+26,-8.112813703582405e+26,-2.1579668328737467e+26,-2.726760744501312e+27,7.4752632745114705e+25,2.168523702592001e+25,2.635886106220045e+27,-1.4512543621758947e+27,6.2775440999487055e+25,-6.832753420490299e+26,2.4015857787478206e+26,-5.249988746944512e+26,-2.4090225470962753e+26,-5.918817963188424e+26,-6.479494865461227e+26,-4.458314023147194e+26,-6.670843670550197e+26,-4.033704697456524e+26,9.489742441087563e+25,-8.698340703822816e+26,-9.083800397445562e+26,-8.012279178321408e+26,-9.623310758176682e+26,-9.221245647399843e+26,-5.477865942282844e+26,-5.943556727735365e+26,-5.315178204757966e+26,-3.238310493209543e+26,9.09222765549772e+26,1.6624468814186113e+27,8.878436279770605e+26,1.0677383545046309e+27,3.5823460875758006e+27,2.835187860699476e+27,2.6247822890175604e+27,6.7337039923217945e+25,1.6599251430392605e+27,7.83402292117877e+26,7.630029299701678e+26,-1.2109889473271716e+26,-6.331018855261253e+26,-2.2045970807060256e+26,-7.119853299806612e+26,-8.188404290470143e+26,-1.7889996237533298e+27,3.3632301476891727e+27,-1.4188737326469285e+27,-2.5892453244633595e+27,-1.9146256561645748e+27,-2.0873851851279797e+27,-1.648172117520431e+27,-8.845063657494125e+26,-3.3677499500930363e+27,-1.9905826051040337e+27,-2.568938209805683e+27,-3.153814264583023e+27,-4.0758473895844875e+27,-2.523137529343339e+27,8.050736647860512e+27,1.0723591084751365e+27,3.847281006423521e+26,9.959469747524443e+26,5.54827386032674e+26,-5.173587689195124e+27,8.116099430074742e+26,-4.7405803609437693e+27,7.853126663401483e+26,2.884793633746347e+27,8.85893277486863e+26,-3.730686793777467e+26,4.325659841053542e+26,-1.7080925143954468e+27,7.552156274372701e+26,-2.431078185326849e+27,-1.344252145056958e+27,-1.7266808081012603e+27,5.2244574745261015e+26,-2.893991285219405e+27,-4.135255955167857e+27,4.878807020411757e+27,3.4593703550640984e+27,2.441855991468317e+27,2.280424305328569e+27,2.355325580409148e+27,-2.410488562718141e+27
-7.631472813649464e+25,-1.0566239637838555e+27,-2.3561348276661953e+26,-4.923754214385252e+26,-2.977484483641085e+26,-6.184056232852518e+26,-4.275079590050508e+25,-1.2292161340009606e+26,-3.809635007551568e+26,-3.395528209884649e+26,9.005340478020489e+24,1.728410317601028e+26,2.111166547255673e+26,-1.4759468445084933e+26,-5.0441581776350774e+26,-1.3810182413629567e+26,5.4986079728480504e+26,6.748974004027258e+25,-6.6843532240584245e+25,5.781462246988344e+26,1.5976914890803417e+27,1.689757601857148e+27,1.5585724093437416e+27,1.4035150954191517e+27,2.71757249150118e+27,2.5445319331191616e+27,2.734266755268368e+27,-2.3140595954380134e+27,-6.202347973968758e+26,-6.09621571118552e+26,1.069166677946415e+27,-8.984109213445454e+26,-7.551836363058938e+26,-5.6700152271604825e+26,-2.9153395123966723e+27,-3.979002455099544e+25,4.1355016922831296e+26,3.355779184991547e+27,-1.0198736090264436e+27,8.855027365516272e+25,-6.982066247434954e+26,2.1128831968704237e+26,-5.697051491676081e+26,-2.092661589364733e+26,-4.436652939855349e+26,-4.439822126436107e+26,-3.0473361717618772e+26,-4.071484995535623e+26,-2.634690696379506e+26,1.0745454624652223e+26,-4.729719227585594e+26,-3.641092753836435e+26,-4.24355054482042e+26,-5.577849160226293e+26,-3.996803077844363e+26,-1.559819055232492e+25,-1.485738923868147e+26,-2.1224460641360965e+26,1.2070685180475438e+26,1.7790916364448401e+27,1.5989181048153705e+27,1.0552014622859973e+27,7.645032266910745e+26,2.266611198141413e+27,2.4820184155743986e+27,8.438260795571688e+26,-7.905316341119177e+26,9.53653167597292e+26,5.453994145512463e+26,6.527414928942852e+26,-3.525374854117864e+26,-4.877085530817217e+26,-3.482031829371588e+26,-1.283767196392448e+27,-5.912004344954187e+26,-6.321807773340488e+26,3.760277138528281e+27,-9.66749809933061e+26,-2.813248725662974e+27,-2.0874317491974083e+27,-1.9226014834062612e+27,-1.5687883861289673e+27,-8.432409720626017e+26,-2.2762998257901517e+27,-1.4111605353545352e+27,-1.7669421571487617e+27,-2.1302815668169478e+27,-2.849780887212925e+27,-5.724774965692659e+26,4.3032463720132586e+27,8.872456245848925e+26,-1.5533775114292066e+26,7.409778894158783e+26,-1.65305663684599e+26,-3.9348350900866176e+27,-8.651386145996005e+26,-3.637483330747605e+27,-8.02436711298612e+26,1.8435877891408583e+27,-3.4722669113599026e+26,-7.002855625658427e+26,-2.2837953024299772e+26,-1.2765050468589395e+27,-3.091930537995017e+26,-1.2953163220321868e+27,-1.4982500790857295e+26,-1.9095455169851315e+27,-4.8011391285377376e+26,-1.0444452772070405e+27,-1.578993464923287e+27,2.1502206673377256e+27,1.2820029844691555e+27,6.767594999459705e+26,5.728957544382893e+26,6.708188059280681e+26,-7.720949506605583e+26
-5.0492398431680506e+26,-2.554125567729425e+27,1.6898475847788615e+26,-1.6723625964410807e+26,6.964304817697827e+25,-3.5396005551868895e+26,1.1351574023528912e+26,-1.3389837633917147e+25,-3.860330198364012e+26,-2.661838236612188e+26,8.544512236993184e+25,7.879428438416813e+26,8.499716735728166e+26,-1.2354033714894886e+25,-7.093573919673692e+26,-9.814463388022846e+25,6.042817130925226e+26,-1.3750204085071157e+24,-2.35239419906779e+26,3.2545543379692866e+26,9.831005249660428e+26,1.4710087058182748e+27,1.5357046815386206e+27,2.1197599370699991e+27,4.266839602470215e+27,2.734266755268368e+27,5.090679691062237e+27,-3.007880027117342e+27,-9.595182916122292e+26,-7.088342647649865e+26,1.2920638675792652e+27,-6.545259165927457e+26,-8.032388964767243e+26,4.4169215598817335e+24,-2.934565804015178e+27,5.507761442359605e+26,4.704734244466587e+26,2.599450360104664e+27,-1.2920663797062042e+27,-7.716568103087606e+25,-3.4761566935614206e+25,1.8051507420395386e+26,-3.309005137898514e+26,-2.0681457078401544e+26,-5.438350418157322e+26,-8.294815413837976e+26,-4.9851014449756226e+26,-7.219179236321689e+26,-4.1857391343893104e+26,1.4679962782114316e+26,-1.356206960011882e+27,-1.4908750853126854e+27,-9.815984443105694e+26,-1.035958186289942e+27,-1.1787083461999135e+27,-8.98258960315266e+26,-7.91786129060927e+26,-6.29235426253371e+26,-5.1609554089394634e+26,4.3741237712078874e+26,1.551729240987737e+27,6.54461476086675e+26,9.273346582763438e+26,3.811044545584877e+27,2.877073488979354e+27,3.3690845452889466e+27,7.054667479427249e+26,1.795030714016162e+27,7.7043593533037e+26,6.436061865996753e+26,9.60536133363847e+25,-5.678010059902594e+26,-7.210480321214675e+25,-4.336278971712498e+25,-1.1565057731861182e+27,-2.8223453978667436e+27,3.0692814386733224e+27,-1.436080876456576e+27,-2.45753879672172e+27,-1.322681861842273e+27,-2.015938697763198e+27,-1.2360193680491753e+27,-1.3813166233441579e+26,-3.9551019287058485e+27,-1.7441337644649746e+27,-2.665924070438422e+27,-3.049749215490238e+27,-4.213927761713531e+27,-2.5531944309834444e+27,9.948648166816052e+27,1.6602338285628128e+27,6.26546641216581e+26,1.5344043722361561e+27,8.401221013628991e+26,-7.292295571053447e+27,2.3953028696063448e+27,-6.530951250583666e+27,2.0089257679980994e+27,4.013509100930352e+27,1.5851226940809064e+27,-8.024549126743604e+26,7.425161393711195e+26,-2.630655701084345e+27,1.4187541608779446e+27,-3.798740762556817e+27,-2.4438193853990277e+27,-2.467425659750799e+27,1.1577755706237942e+27,-5.012842610578976e+27,-7.055454295574436e+27,6.964286718697505e+27,4.713990445907565e+27,3.384885969673783e+27,3.399059527465845e+27,3.775087560117198e+27,-4.040274010460351e+27
7.99155910513514e+26,2.81468860376384e+27,-9.4926408303774e+25,1.0992378948188037e+24,-5.136236394021954e+25,4.722848070714677e+26,-9.371212291088205e+26,-7.559956375926433e+26,-7.375664419178585e+26,-5.370742629154465e+26,-7.410868413085646e+26,-1.6115374520266468e+27,-1.5813688851251392e+27,-1.0590786178346571e+27,-9.175911670125814e+26,-1.1561463684252402e+27,-1.797725582534131e+27,-1.405192172140638e+27,-1.0337273622992622e+27,-1.699779024065957e+27,-2.709808196200763e+27,-1.3993295205688202e+27,-1.2320092485825838e+27,-7.052666256329655e+26,-2.2282931920489384e+27,-2.3140595954380134e+27,-3.007880027117342e+27,5.707988168566435e+27,-1.2021714311760592e+27,-4.615196238482428e+26,-1.3183526864611006e+27,2.543422718731941e+27,1.0604824650531355e+27,9.819826338930881e+26,5.407557241694221e+27,-1.7722167608774544e+27,-2.8153369809646203e+27,-4.7033238421933315e+27,-3.0666746143607386e+26,5.447650853247161e+26,-1.639290188763921e+27,1.0103824916174681e+26,5.1225780954783695e+25,4.3125356143680595e+25,1.0813546919308478e+26,8.564264811077275e+26,3.0594521446081712e+26,2.42098906062219e+26,1.281456096844522e+26,-4.532836447699605e+26,1.6151248649352525e+27,1.4619792105527622e+27,4.9966367833690726e+26,2.767440230680825e+26,5.103070700287346e+26,3.763246060385992e+26,1.6570045524005893e+26,8.03993373924385e+25,-1.1411817422321953e+26,-1.6710326605483325e+27,-1.4140873581331855e+27,-7.04987637554343e+26,-8.242071602586775e+25,-1.6303042739652515e+27,-2.3293673883605504e+27,-1.0104669062756118e+27,1.3258025238610033e+26,-5.320386238044525e+26,-2.763130747643217e+26,-2.6923337418182026e+26,8.057135914502498e+25,1.3989949622979663e+26,1.7663629417934417e+26,3.2449490472233656e+26,1.7819654238782905e+27,2.313750900008038e+27,-3.7902607948223185e+27,4.898195621899349e+26,3.999454737293837e+27,8.706652007495498e+26,2.300204814659944e+27,3.952623147948081e+26,-1.8641346364149957e+27,3.018261710472418e+27,-3.741554030483451e+26,1.155683403228986e+27,2.898366821926673e+26,1.8984281243768294e+27,-3.2143630983410166e+27,-5.618027519402369e+27,-2.347306619598246e+27,9.376831606721657e+25,-1.809039193152232e+27,1.71438382682611e+26,1.0170277724548332e+28,-1.5958665351850848e+27,8.448972675552409e+27,-6.587588600092446e+26,-3.7878678092484433e+27,-1.6855267862455855e+26,2.564662535646312e+27,1.4666639542916967e+26,3.6286506953155914e+27,-2.9039347396897478e+26,4.109294770478604e+27,1.9600958490511794e+27,5.464120735986111e+27,1.1559663135959666e+26,5.468099215364087e+27,7.721763553386415e+27,-5.014698840105845e+27,-2.2057561037196594e+27,-1.2059770622746777e+27,-1.6558117117165206e+27,-2.7482058748750677e+27,3.6895609786035017e+27
-1.5030364081701784e+26,-1.0517904574757863e+26,8.635953157171447e+25,2.9855974863081e+26,1.7063422249943432e+26,2.8597952879318e+26,5.010064250910859e+26,4.963563138112627e+26,7.970320567496405e+26,6.158484418968359e+26,3.606257345024466e+26,5.964880110750477e+26,5.675608628709785e+26,7.040769432352782e+26,1.075081262478633e+27,7.731788759977889e+26,5.530826056230364e+26,7.309996705811079e+26,6.518858909836433e+26,4.597548354701805e+26,5.1282779441780756e+26,-5.145118706776819e+26,-6.424371639752266e+26,-9.821255716997344e+26,-1.1677981409245647e+27,-6.202347973968758e+26,-9.595182916122292e+26,-1.2021714311760592e+27,1.413723343147403e+27,8.785969445509223e+26,-3.8470203651432674e+26,-6.198118088899465e+26,2.0911227020411026e+26,-2.0045945151161752e+26,-5.0497270851588436e+26,8.511100328391009e+26,1.4826543672299077e+27,3.106144045966634e+26,1.3076163614190097e+27,-3.259614394280579e+26,1.5985518401064287e+27,-2.267005171745721e+26,3.463964539054496e+26,1.4896836417552672e+26,4.067771544684926e+26,-2.458053408080394e+25,1.3050570477747642e+26,3.2721315413324385e+26,2.207175131049131e+26,1.3633230169691965e+26,-2.9630742872731698e+26,-2.74528110669667e+26,2.091065954375506e+26,4.910824884088656e+26,2.300186710150772e+26,-6.498152270435739e+25,1.953855807368387e+26,2.7530551935503838e+26,1.5597225425193226e+26,-1.381376297997436e+25,-2.2778103790157443e+26,-3.002100889132838e+26,-7.967463728141559e+26,-1.2266450576844847e+27,-4.2795045478214324e+26,-6.515273838663236e+26,3.048085518829465e+26,-7.974652988034765e+26,-3.774223193738402e+26,-4.540392559043854e+26,2.0698909938688544e+26,4.1446435154258246e+26,5.751186092689727e+25,6.330940204995265e+26,-3.135937040028667e+26,-3.179090777192899e+26,-4.706172779812717e+26,7.375689397210599e+26,3.412361776651026e+26,1.15007322354027e+27,6.217530235728611e+26,1.1043236589922675e+27,1.797890252260892e+27,6.222080945147959e+26,1.79122532201406e+27,1.1685287471872648e+27,2.314162158377404e+27,1.83609788440887e+27,3.19652801724227e+27,-2.1806451510661061e+27,5.90157159848969e+26,-1.3270783397598215e+26,5.2596858042536306e+26,-2.6284800968708132e+26,-2.3364499428911303e+27,1.2425164765274368e+27,-1.4924522590596397e+27,6.048469593016239e+26,4.140528119946387e+26,7.90870026451925e+24,-1.12376329137754e+27,-1.5168718524588975e+26,-1.0623006957054395e+27,1.7618439006376937e+26,-1.2140341130067722e+27,-9.326719694666378e+26,-1.7049210659272325e+27,-5.756427894823996e+25,-2.0611702951968653e+27,-2.516107329838598e+27,3.73122095995771e+26,-2.8027370653942914e+26,-2.0734717729222095e+26,1.814460010140638e+26,7.968606153406105e+26,-1.3070463923201452e+27
-7.989597359851267e+25,4.3986491510972785e+25,1.2146512379529599e+26,2.7454372829009018e+26,1.8454122604621338e+26,3.275262882753003e+26,2.4636957420978713e+26,2.7473423387926678e+26,5.049379280553388e+26,4.0598281097109635e+26,1.5709637958239887e+26,2.6894640684486693e+26,2.4960729488729885e+26,3.966993204183723e+26,6.737189325548634e+26,4.3423460898480904e+26,1.8283473027872196e+26,3.709456221805685e+26,3.5508982977503665e+26,1.338245690027997e+26,-1.271660006253361e+25,-4.889577925797987e+26,-5.658863399405664e+26,-6.909059085167187e+26,-8.725365344102989e+26,-6.09621571118552e+26,-7.088342647649865e+26,-4.615196238482428e+26,8.785969445509223e+26,6.1509966810392277e+26,-3.990920836156515e+26,-1.874748754730193e+26,2.848828925728214e+26,7.152098425009427e+25,2.0436512933217647e+26,4.524326143145104e+26,6.868875884713022e+26,-3.75427325176891e+26,9.002503745844447e+26,-1.862379853128581e+26,9.940466388404764e+26,-1.5454087490810571e+26,3.0147147393520757e+26,1.1449844565205225e+26,2.7886184176839324e+26,6.6900769959269925e+25,1.125696716617765e+26,2.1675032021530168e+26,1.477531838692313e+26,3.213359063566689e+25,-7.53513021526144e+25,-1.0516555714835354e+26,1.520659509358898e+26,3.149823147239304e+26,1.4779458455166549e+26,-5.721073859401017e+25,9.465090503149112e+25,1.5236127391548994e+26,4.295150671293975e+25,-3.0688997624627108e+26,-2.9825236510421205e+26,-2.8638896677032423e+26,-5.158204066083763e+26,-9.047473110330574e+26,-4.922142183985023e+26,-3.974679318845556e+26,3.1701891769568045e+26,-5.2246330917128755e+26,-2.6339798081481495e+26,-3.271393040203415e+26,1.7380300594664635e+26,2.8679578226634763e+26,1.0028203494888541e+26,5.841437456165102e+26,-4.376376910975351e+25,-1.5867886662104237e+26,-8.094252984704153e+26,5.109124670234425e+26,7.398513301007006e+26,9.406787514934989e+26,7.242947118457192e+26,8.438469677083396e+26,1.1635133150417412e+27,6.415466907029803e+26,1.2228509903452432e+27,8.485055006876916e+26,1.5868693387158815e+27,1.349500790766541e+27,1.6429333363015003e+27,-1.5587148356008855e+27,3.5420021100932605e+26,-4.239251351101141e+25,3.411873208507102e+26,-1.161611024151852e+26,-1.0114954638995881e+27,9.47915165353624e+26,-5.976639341217153e+26,5.450821004316026e+26,2.2523063273887657e+26,9.763300158030237e+25,-6.514846084244917e+26,-3.877077010657777e+25,-6.416037811269577e+26,1.9532900572970406e+26,-7.65884091141365e+26,-6.44727569476935e+26,-8.207369104941615e+26,1.081950916519147e+26,-1.24479053472517e+27,-1.441843163170841e+27,1.6644087284955e+26,-1.3872887281931246e+26,-6.044929335146492e+25,1.981917934389177e+26,5.67165117726318e+26,-8.499027272806519e+26
-2.5648566943043638e+26,-9.876043813071389e+26,-8.689371526517335e+24,-1.756435131790925e+26,-1.0316574519413454e+26,-4.708865108506802e+26,1.3082147913342252e+26,3.969888218434611e+25,-1.9596915462555297e+26,-1.7437835953996103e+26,1.2658327222479214e+26,3.1560517483867984e+26,3.0748544145761735e+26,2.44431464718291e+25,-2.8543422738338195e+26,2.298160880051443e+25,4.148637414917808e+26,1.7062346668224392e+26,7.3241174261499345e+25,4.8104265495469856e+26,7.859241345832822e+26,7.97103250873562e+26,8.535789084875903e+26,7.58607370500304e+26,1.2194444562651825e+27,1.069166677946415e+27,1.2920638675792652e+27,-1.3183526864611006e+27,-3.8470203651432674e+26,-3.990920836156515e+26,8.449447176880458e+26,-7.418646848822388e+26,-6.679813557443559e+26,-3.8838803688532305e+26,-1.898169157513712e+27,2.2296271945257766e+26,2.1671264818269395e+26,1.6413962775222925e+27,-7.359672696182373e+26,-8.897897003989409e+24,-4.440389657726479e+26,1.0157172115969957e+26,-2.0798164094509537e+26,-1.0376635883887606e+26,-2.8608486981392287e+26,-2.948974004011496e+26,-1.6507606190270095e+26,-2.444313790052941e+26,-1.594439160862476e+26,1.1555168389040868e+26,-4.39699056587955e+26,-3.527295811164258e+26,-2.4648871720738746e+26,-3.295107770803365e+26,-2.3939605717868728e+26,-2.1195850771816684e+25,-1.0218721894348263e+26,-1.3756957367459464e+26,9.170726886656363e+24,6.82004132157892e+26,5.305770889817809e+26,4.082388226239682e+26,4.9226215675682156e+26,1.1074420833143012e+27,8.966679800067803e+26,4.887254428298415e+26,-4.071266448532009e+26,5.702381977603062e+26,2.7958473338748506e+26,3.643446578581958e+26,-2.2628060826817535e+26,-2.9311402386967342e+26,-1.0962213691099784e+26,-6.426680790948769e+26,-5.332356725332055e+26,-5.1782568373139094e+26,1.6380953506154978e+27,-5.62606174401407e+26,-2.0655794588883485e+27,-1.0830968351973842e+27,-1.4574572870372145e+27,-8.426226318440667e+26,-4.511398067507226e+26,-1.3769964347503937e+27,-1.0182892597043164e+27,-1.0334333750714541e+27,-1.568972550303233e+27,-1.6775328384668167e+27,-4.2249436316268356e+26,2.9916113703520996e+27,2.744629598529297e+26,-2.880163878995918e+25,6.34755755711879e+25,1.9627806075750642e+25,-1.8244100348933558e+27,-6.078619980532463e+26,-1.7656022768169162e+27,-4.7157225581924836e+26,6.961360188787419e+26,-1.5462016114443854e+26,-8.621411040145345e+25,-5.3937786840705265e+25,-3.049916849499458e+26,-2.279762000553093e+26,-2.2606603623406744e+26,2.6966456590251115e+26,-7.962929173515903e+26,-2.0379663952403667e+26,-1.0818506903984506e+26,-6.284895263021366e+26,9.854091093856905e+26,4.7697967736225416e+26,1.614381513737709e+26,3.643211444867272e+25,-1.9661578090338277e+25,2.108247781689918e+25
4.5019846516977036e+26,1.3338537585439294e+27,5.821505333794996e+25,1.1854037886567231e+26,1.126143989893791e+26,5.059802839987541e+26,-5.119009480813478e+26,-4.094778202789907e+26,-3.703588801802907e+26,-2.473905369352157e+26,-4.475618143420253e+26,-7.021663370884825e+26,-6.378952282419638e+26,-5.297185799968656e+26,-4.949073370954213e+26,-5.968050802207153e+26,-8.41539687335685e+26,-7.506895851002616e+26,-6.1307379835566005e+26,-9.423101983229419e+26,-1.4165617847732737e+27,-6.688865564498618e+26,-5.9909629634742774e+26,-1.4281210963511623e+26,-5.460226871054613e+26,-8.984109213445454e+26,-6.545259165927457e+26,2.543422718731941e+27,-6.198118088899465e+26,-1.874748754730193e+26,-7.418646848822388e+26,1.5293877201698219e+27,7.601217702889917e+26,8.476253705029609e+26,3.083053138243233e+27,-8.559129879267666e+26,-1.2930962553206823e+27,-2.4466911066535792e+27,-8.053938187196008e+25,3.21297842869134e+26,-5.886105329431737e+26,6.56858859401543e+25,1.0944827644457571e+26,2.8439053118369823e+25,1.0064106457917203e+26,4.00923191557011e+26,1.494148666648938e+26,1.1815099234778387e+26,7.941563596535851e+25,-2.8915487952124308e+26,6.397730100475911e+26,4.2587486066864724e+26,1.5907441257763512e+26,1.187182781973065e+26,1.0168364229362386e+26,-6.9850934878239275e+25,-4.4870988721019145e+25,-9.321782376827884e+24,-1.691782517833054e+26,-1.0987073989081841e+27,-5.8536290504554426e+26,-4.1306741153165845e+26,-1.4489538263291884e+26,-5.070401676684747e+26,-8.39454413431093e+26,3.011637306088477e+25,4.198887598698669e+26,-2.1288591749922094e+26,-1.5106842666252402e+26,-2.1179574647175878e+26,1.653600106345908e+26,1.237194436744984e+26,1.3174476400684224e+26,4.974228545565254e+26,9.358797198658616e+26,5.423438976483658e+26,-1.9695835909982385e+27,2.688414979026684e+26,2.6388222061977795e+27,7.298609482420621e+26,1.5862242395285761e+27,3.915255283185614e+26,-5.7367029993426265e+26,1.2874027939391848e+27,-3.1795065302477266e+25,5.653645132849545e+26,2.8471680334160198e+26,8.910155737000509e+26,-2.0813554546642467e+27,-1.8006479906327987e+27,-6.42442502047788e+26,1.5416155129702305e+26,-3.149186666933039e+26,2.0552984646066566e+26,3.838900134609679e+27,1.858694987227103e+26,3.052132333297743e+27,4.352857700514669e+26,-8.846078485045395e+26,3.418025243843703e+26,8.928714286134525e+26,2.2092241086109468e+26,9.943146806045184e+26,3.107442865717896e+26,8.98270272834162e+26,9.686608587956143e+25,2.346319056749347e+27,4.239550849132833e+26,1.2755660792017918e+27,2.0549738616477167e+27,-9.816044472606326e+26,-1.54923107797826e+25,2.601678882161937e+26,1.585968316930321e+26,-1.9195226867345715e+26,5.750047901497991e+26
3.925838365318811e+26,1.1248541894912083e+27,8.538633130592306e+25,2.4202513793335336e+26,2.0592271147736316e+26,6.0769002443072834e+26,-2.1404975672795807e+26,-1.12451530797133e+26,7.657910207231156e+25,9.436021881013232e+25,-2.6642183241145158e+26,-3.1987553051087676e+26,-2.6117803260312745e+26,-9.783592489936698e+25,1.2417865795082524e+26,-1.0574775740584829e+26,-3.416281356936228e+26,-2.095751010830292e+26,-1.4127210975842386e+26,-4.058079363662754e+26,-7.296321381862395e+26,-5.634618620188533e+26,-5.9115710814527554e+26,-4.8251007969462666e+26,-8.112813703582405e+26,-7.551836363058938e+26,-8.032388964767243e+26,1.0604824650531355e+27,2.0911227020411026e+26,2.848828925728214e+26,-6.679813557443559e+26,7.601217702889917e+26,7.321440395670873e+26,6.1013741159627885e+26,1.9916569644702112e+27,-3.7459539450720486e+26,-3.197750453765149e+26,-1.5186489375830873e+27,5.537688447313902e+26,2.087631278620127e+26,1.0712154136223357e+26,3.236007162851684e+23,2.3473093795049216e+26,7.558005674398636e+25,2.635966832995151e+26,3.842558435802548e+26,2.236960532688936e+26,2.816730890801949e+26,1.9601576004762005e+26,-2.440992985153352e+26,4.371465224472054e+26,2.4223534342858773e+26,2.5976050682087387e+26,3.45815031657201e+26,2.1829724640744404e+26,-6.0995798036801935e+25,7.660838033574078e+25,1.432151047163434e+26,-2.9259381110308197e+25,-7.032411499492945e+26,-4.221641243753249e+26,-3.61653955170961e+26,-4.371048136706426e+26,-8.757450715209757e+26,-6.650763980094891e+26,-3.5539589982027473e+26,2.9089022833059933e+26,-5.54236755393929e+26,-2.8124831282062514e+26,-3.3257921848725325e+26,1.5968356052622163e+26,2.7099507601551055e+26,4.518549309730937e+25,4.342167703404634e+26,7.366885011895181e+26,3.1379104193528705e+26,-1.5048464063472306e+27,5.652445931028649e+26,2.1268819280691275e+27,8.660537942792853e+26,1.569848772751903e+27,6.420325329083119e+26,3.981878678604994e+26,1.3440733102057898e+27,8.241819271443402e+26,9.849156177396378e+26,1.316328153278194e+27,1.4723122682279627e+27,-1.623202799497707e+26,-2.4460590479315367e+27,-4.755374933667871e+25,-1.2212041338603858e+24,1.1049379235807143e+26,-3.476754420335931e+25,1.5927707321694464e+27,4.143286036818483e+26,1.3220156720400642e+27,3.6090211217105005e+26,-2.9881307978354046e+26,1.2252794028043708e+26,-4.743748538494654e+25,2.2334921893565212e+25,5.122576253477786e+25,1.956596904180583e+26,-8.17366399220627e+24,-2.9640704160133567e+26,7.03094650693129e+26,1.2123366499775082e+26,1.0052493295606572e+26,5.673349457304095e+26,-6.380208721607667e+26,-2.0087709575887476e+26,1.7437649367654504e+25,1.3434155837919528e+26,1.8429665084137136e+26,-1.3695222053934484e+26
1.8947909758698714e+26,6.86668236789341e+26,4.419429864068487e+26,4.90461454426183e+26,4.593790375902755e+26,6.836251982613913e+26,-2.6077335503083466e+26,-1.7764599719165748e+26,-1.2015687546759585e+26,-4.355285562107658e+25,-3.618262307884989e+26,-2.2193871229782544e+26,-1.5145520204306351e+26,-1.9062545372407492e+26,-1.7675966419280036e+26,-2.2305912039109605e+26,-3.7030381309007296e+26,-3.007298399657596e+26,-2.532421233095287e+26,-4.450553526145871e+26,-1.0036899918806087e+27,-4.6405537050284385e+26,-4.022079737761003e+26,-6.420620888737883e+25,-2.1579668328737467e+26,-5.6700152271604825e+26,4.4169215598817335e+24,9.819826338930881e+26,-2.0045945151161752e+26,7.152098425009427e+25,-3.8838803688532305e+26,8.476253705029609e+26,6.1013741159627885e+26,1.038766985338097e+27,2.295660443421908e+27,-3.699676723485794e+26,-7.325271204070322e+26,-1.8291271558166203e+27,7.270509824442637e+25,3.689645343605015e+26,-3.88355928122073e+26,1.130072454554518e+26,4.353278400699038e+26,3.952801948564581e+25,1.033862186909756e+26,3.9231532230814074e+26,2.284210440817539e+26,1.946546337474619e+26,1.4097389202841414e+26,-3.3698161946161756e+26,2.6679794821936326e+26,-2.824139513416818e+25,1.7341101617058876e+26,2.2303697978821104e+26,8.471030624701519e+25,-1.8759917447895323e+26,-2.760808279164713e+25,6.182953714280885e+25,-1.2611050530528868e+26,-1.1044443238230537e+27,-5.0418273103565744e+26,-3.883080926826331e+26,-2.3682386294584517e+26,-4.8825978385756585e+26,-6.1475757588224435e+26,5.263649439789421e+25,2.7920061490122108e+26,-3.27434931346791e+26,-2.4098895235623024e+26,-2.3423851403076403e+26,5.055077992185638e+25,1.556562730846382e+26,1.5232470617145272e+26,4.5604541937187836e+26,7.524050731397436e+26,-1.8748394253010458e+26,-1.7564802282961334e+27,3.768162557538495e+26,2.086702294814633e+27,6.841132413586728e+26,1.4582383513819617e+27,4.641343814374432e+26,2.0889850880728472e+26,1.0254757235263628e+27,1.9940934829637882e+26,6.341476516660472e+26,3.946571218114001e+26,8.512576437840426e+26,-1.590704394141635e+27,-5.055660069944335e+26,1.1339110879804321e+26,2.4603925788043626e+25,2.2719161973560525e+26,6.3669727439892476e+25,1.650487531068902e+27,4.348466153422726e+26,9.164398450830536e+26,4.866521617477219e+26,2.1281490921744875e+26,2.4856947857985806e+26,1.1043574262929933e+26,8.233547048636396e+25,-7.7650462820484e+25,2.7134180275095946e+26,-1.9487127220895542e+26,-2.904546293319604e+26,1.0640162277598661e+27,3.453952645750947e+26,1.8503711230589415e+26,3.389503447545121e+26,1.4757391402960029e+26,4.3645655746264406e+26,4.9844240744862856e+26,5.483987061120562e+26,4.704812179000577e+26,-2.5371451922096257e+26
9.047407817595973e+26,3.551579158331686e+27,6.348282722055676e+26,9.583662655193176e+26,7.332224076865986e+26,1.6242686287414572e+27,-8.909914517865704e+26,-6.248795746448393e+26,-3.552645796735025e+26,-1.632570625554795e+26,-9.406705675153934e+26,-1.3367822746073454e+27,-1.209035061201411e+27,-7.855386323309616e+26,-4.439509338518472e+26,-8.866213138452041e+26,-1.6894695143297875e+27,-1.2299768834014691e+27,-9.143536784629867e+26,-1.7977218728558771e+27,-3.3532939991874047e+27,-1.989058128340524e+27,-1.8579164747946837e+27,-1.1418362476751592e+27,-2.726760744501312e+27,-2.9153395123966723e+27,-2.934565804015178e+27,5.407557241694221e+27,-5.0497270851588436e+26,2.0436512933217647e+26,-1.898169157513712e+27,3.083053138243233e+27,1.9916569644702112e+27,2.295660443421908e+27,7.779460712107613e+27,-1.55147260210893e+27,-2.567797765205657e+27,-6.341733168728969e+27,6.316168266916925e+26,8.654674272860402e+26,-1.1650148319213595e+27,1.0613117583453738e+26,9.848544362714823e+26,2.1949767698007372e+26,5.4264456070715215e+26,1.3647493911442387e+27,7.50462178217048e+26,8.025541992758663e+26,5.2141283497155566e+26,-8.02216757488468e+26,1.619433123501646e+27,1.031089031220445e+27,9.116315106029513e+26,1.0313175945128521e+27,8.159057530457867e+26,5.311461070103958e+25,3.23100844190251e+26,4.419336212154035e+26,-6.6834826400208e+25,-2.930708737041342e+27,-1.9814788618019747e+27,-1.2543517078350494e+27,-9.62259933833319e+26,-2.974654113509631e+27,-2.9770017307238245e+27,-1.5215775185130875e+27,2.737984064337799e+26,-1.6639816014665174e+27,-9.387679733383963e+26,-8.645670962867304e+26,6.969113274519742e+25,6.610203182310736e+26,3.7282388637581094e+26,9.717541196636706e+26,2.513562008586021e+27,1.5429966822570394e+27,-5.977072813034793e+27,1.6071968274291047e+27,6.795718393225671e+27,2.2227059944486653e+27,4.6213581058756464e+27,1.638431329126647e+27,-1.5911931786491808e+26,4.758029181043664e+27,1.0904678060720795e+27,2.885307093348884e+27,2.3185274083317407e+27,4.2624220988238524e+27,-3.177502105910122e+27,-7.270821532292158e+27,-1.2681946056995005e+27,-2.0853062754179612e+26,-6.810737789886888e+26,-1.902812861346463e+26,9.770499748756833e+27,-6.527396521129138e+26,7.467433300153378e+27,-6.970098163803858e+25,-2.4262185291234734e+27,-1.9639593206922215e+26,1.459557058560065e+27,-1.300104828271261e+26,2.1184760766043952e+27,-1.0048679931723928e+26,2.4448763566729192e+27,9.523177715420232e+26,5.06043391023253e+27,1.4741311411224263e+26,4.153327938089732e+27,6.082589438261315e+27,-4.0918036895470344e+27,-1.5549982671206346e+27,-5.406547200203592e+26,-6.281055501906612e+26,-1.3429517472920174e+27,2.2432398985966066e+27
-9.42330934892801e+26,-1.9581494627061326e+27,2.8236790875449596e+26,4.395975597015045e+26,1.9541463447577392e+26,-8.960315740792949e+25,9.070475874323719e+26,6.82619144153022e+26,6.370865565625007e+26,5.537434958512238e+26,9.312942652148621e+26,1.4503148917013986e+27,1.3122172926133282e+27,7.747312335234059e+26,6.954466067536848e+26,7.172932682107342e+26,6.780996153920683e+26,6.644960372607084e+26,5.156559618482786e+26,5.0556425875252885e+26,4.601116871299687e+26,-1.5071430981374615e+26,-1.2407981959436808e+26,-1.8680990499523606e+26,7.4752632745114705e+25,-3.979002455099544e+25,5.507761442359605e+26,-1.7722167608774544e+27,8.511100328391009e+26,4.524326143145104e+26,2.2296271945257766e+26,-8.559129879267666e+26,-3.7459539450720486e+26,-3.699676723485794e+26,-1.55147260210893e+27,1.877353092693115e+27,1.4876874351120677e+27,5.23930619456172e+26,6.288777358764415e+26,-9.151803622996555e+26,2.3124593473891607e+27,-5.36358008553978e+26,5.732379754299034e+26,3.0807715075352402e+26,3.9678336147758566e+26,-8.299170024885653e+26,-2.4546818801217205e+26,-9.860665490258448e+25,-8.323582968244588e+24,6.519945989707271e+26,-1.5654716986416667e+27,-1.493165682859582e+27,-5.07580597521546e+26,-2.5728487169657603e+24,-6.191264208453255e+26,-7.751690227503e+26,-4.408243479306377e+26,-1.8654373387434553e+26,-3.619357197115236e+26,-6.757024238640717e+26,-1.9669925118726252e+26,-4.1437884660755923e+26,-4.229946369136538e+26,-1.1591604257036933e+26,1.8616936677490736e+24,5.917430677743715e+26,8.956733664191501e+26,-3.339639596336396e+25,-2.2566306951755083e+26,-3.930215799628226e+26,3.306148838854693e+26,4.188145857097471e+26,5.2562996884076706e+26,1.4464941890122723e+27,-1.650720335617713e+27,-2.162329750540099e+27,-5.033010256609485e+26,2.8608294093687428e+26,-9.1849250942319e+26,1.6309933246276134e+27,-5.917565333813907e+26,1.5198586930756827e+27,1.8968013573248245e+27,-1.2115619797516318e+27,8.690506156322882e+26,2.844188452677535e+26,6.94437738966489e+26,5.821612319922593e+26,1.9369502812949143e+27,2.831196419927916e+27,7.18792749872207e+26,1.3599573618247424e+26,5.6895393086556044e+26,1.05334358487859e+26,-4.070875725053532e+27,2.4945798294451364e+27,-3.0299347479904706e+27,1.672891422352444e+27,1.2258058979327411e+27,6.766303525559744e+26,-7.945770398928709e+26,1.6408064281726764e+26,-1.2042061681640399e+27,5.7881227215423225e+26,-1.6748370022373703e+27,-1.2670234293373764e+27,-1.7345386499310633e+27,6.969834749768879e+26,-3.344357922270799e+27,-5.202960737242702e+27,2.744549975748113e+27,1.1095640295318554e+27,7.127652099029646e+26,9.78771624300204e+26,1.5573368196053414e+27,-2.0965644697819442e+27
-3.305138297124003e+26,-1.1463163211336764e+27,-8.952873254429549e+25,9.840971829588686e+23,-4.346154265913171e+25,-1.5223034473605786e+26,8.413472974450562e+26,6.693201859547715e+26,8.141493330085121e+26,5.663179082892457e+26,7.109696232864756e+26,1.3754255296241218e+27,1.3801613450654564e+27,9.644755420937277e+26,1.0978498339186593e+27,1.0431536520273101e+27,1.35730049992145e+27,1.1175002611825103e+27,8.414829491416099e+26,1.0203115941091956e+27,1.866308536661423e+27,4.501305301385521e+25,-6.85046935743324e+25,-5.134464352168175e+26,2.168523702592001e+25,4.1355016922831296e+26,4.704734244466587e+26,-2.8153369809646203e+27,1.4826543672299077e+27,6.868875884713022e+26,2.1671264818269395e+26,-1.2930962553206823e+27,-3.197750453765149e+26,-7.325271204070322e+26,-2.567797765205657e+27,1.4876874351120677e+27,2.8741524577349966e+27,2.643567660823537e+27,1.0307317381573304e+27,-5.278785936301098e+26,2.3345037169378875e+27,-2.2102172299856565e+26,2.6614770578836343e+25,6.955667669120419e+25,3.511684969441522e+26,-6.967736302192936e+26,-1.6046310790849735e+26,1.4182849710187072e+26,1.1649934284851773e+26,4.4389959621686456e+26,-1.310677449847974e+27,-1.2028348004494347e+27,-2.1189932807622478e+26,2.9492595328601253e+26,-2.16465931287425e+26,-5.372758124478055e+26,-2.1340491329712476e+25,1.8045509742381374e+26,7.78556558574379e+25,7.627619663559022e+26,4.601377585295308e+26,-1.629418133280109e+26,-8.966545524839814e+26,-1.0449041573799665e+26,8.09783274035304e+26,4.374640037156841e+26,7.072788427307772e+26,-4.2415228219565436e+26,-2.3461836644180276e+26,-4.427020380098256e+26,3.804235627027731e+26,3.744471862256288e+26,-5.766811660403385e+25,7.188706322270576e+26,-1.317412322337154e+27,-1.6394794019199374e+27,1.5706515867365587e+27,4.181755730985754e+26,-1.4398080178409783e+27,9.557878758277909e+26,-5.790821974811204e+26,9.09900713390291e+26,2.1726318308902055e+27,-1.321555510935526e+27,1.498756614747016e+27,3.996821885907717e+26,1.7571549775446993e+27,6.409883157613331e+26,4.4019272837234547e+27,8.72533232173813e+26,1.1298425721580621e+27,7.300964980687549e+25,1.0097862886141394e+27,-3.970610180493266e+25,-6.278034802161899e+27,2.6229754323749916e+27,-4.514998294924943e+27,1.587952075872195e+27,1.6754467076766552e+27,6.382502968547907e+26,-1.6296128003439429e+27,7.632091609135559e+25,-2.0180773285436187e+27,7.714819189805441e+26,-2.6853789761994773e+27,-2.112627735485718e+27,-3.219770319641015e+27,2.221121372613875e+26,-4.802824290461823e+27,-6.439940048766042e+27,3.2052264498978774e+27,1.238990167328445e+27,8.098320025430213e+26,1.2914419120395635e+27,2.281588865863938e+27,-3.168731873927762e+27
-1.7139236720801126e+26,-1.8106611897674774e+27,-7.328093268757087e+26,-1.1270852766970454e+27,-8.119316703665833e+26,-1.4052042145607495e+27,3.727234331975355e+26,1.5855458049463034e+26,-5.0300834188988235e+25,-2.6250243734623796e+26,4.3699431348606526e+26,7.419349987021653e+26,7.712045459671947e+26,3.4859230398022906e+26,1.4768564087681638e+26,5.4885409695159735e+26,1.8285898937348055e+27,1.0451249562610465e+27,7.007038736952052e+26,1.8098034583413852e+27,4.1093496494461556e+27,2.2374108071507557e+27,1.9600333189019167e+27,1.0131837492629217e+27,2.635886106220045e+27,3.355779184991547e+27,2.599450360104664e+27,-4.7033238421933315e+27,3.106144045966634e+26,-3.75427325176891e+26,1.6413962775222925e+27,-2.4466911066535792e+27,-1.5186489375830873e+27,-1.8291271558166203e+27,-6.341733168728969e+27,5.23930619456172e+26,2.643567660823537e+27,7.371630610151313e+27,-8.181849199268899e+26,-1.7311333770263385e+26,1.0909378049871686e+26,2.393723076750769e+26,-1.2070365939892231e+27,-3.6665283992610624e+26,-5.7525105228199094e+26,-1.020911209994781e+27,-5.780378181614675e+26,-5.088023247837314e+26,-3.696051064221901e+26,4.738816871490916e+26,-1.029080853982679e+27,-4.9960625321737804e+26,-5.300904100667199e+26,-5.860580845073166e+26,-3.1034732792494594e+26,3.265559975476511e+26,1.686135805183882e+26,-1.4717444398070747e+25,6.279254145516512e+26,4.132939046795305e+27,2.5636806484567356e+27,1.6313459707627418e+27,5.1128821758587426e+26,2.5816086530917026e+27,3.620432233754712e+27,6.416395474573326e+26,-1.1179764118527004e+27,1.0005756993168944e+27,7.455792975524631e+26,8.224577277306146e+26,-3.817618912643904e+26,-6.35751694118014e+26,-7.758143020349881e+26,-1.9984097616149815e+27,-1.607862643758731e+27,-5.398718856385748e+26,7.339009454778446e+27,-1.2750406586500503e+27,-5.788671607076386e+27,-3.0803643277708244e+27,-3.62607864802867e+27,-2.2084238943161482e+27,-5.12562942333999e+26,-3.882171478403584e+27,-1.1600850304851852e+27,-2.4194307560512493e+27,-1.818611803512892e+27,-3.7492663600006216e+27,3.5047411557932146e+27,4.299599011551785e+27,1.271831249255783e+27,-2.4498552209785678e+26,9.039924848341551e+26,-3.522480931453223e+26,-8.130631148693103e+27,-7.201913805467124e+26,-6.473884610568778e+27,-1.0696706428957514e+27,2.1728131094689662e+27,-5.5492065841690226e+26,-1.678615887265008e+27,-3.7610621928064257e+26,-2.041729825258827e+27,-3.447112174312276e+26,-2.1379008744105682e+27,-7.002744571799631e+26,-4.427704852249215e+27,-1.0237566877015315e+27,-2.93112622011265e+27,-3.96947701471481e+27,2.8794974008159715e+27,9.667882814733982e+26,1.9571628537734433e+26,3.156650344672729e+26,9.70315784895428e+26,-1.6775933144086216e+27
1.586538038215285e+25,4.390678713125573e+26,1.0615102210425489e+26,4.053633572047818e+26,2.422329244258769e+26,5.4037063032708e+26,3.705615380794757e+26,4.196120208527214e+26,7.7006755325609e+26,6.396505158847346e+26,2.329680508710044e+26,3.686476781661546e+26,3.547787332114019e+26,5.804857922463497e+26,9.982664931428294e+26,6.02978603683667e+26,1.8911183804850495e+26,4.563272723083703e+26,4.425804331146872e+26,6.752223902323386e+25,-1.2899828037587217e+26,-8.00965486149902e+26,-9.132192324574686e+26,-1.0863423982189002e+27,-1.4512543621758947e+27,-1.0198736090264436e+27,-1.2920663797062042e+27,-3.0666746143607386e+26,1.3076163614190097e+27,9.002503745844447e+26,-7.359672696182373e+26,-8.053938187196008e+25,5.537688447313902e+26,7.270509824442637e+25,6.316168266916925e+26,6.288777358764415e+26,1.0307317381573304e+27,-8.181849199268899e+26,1.475972875438339e+27,-2.584405047122181e+26,1.5547238492734193e+27,-2.5259628794703425e+26,4.640292496865498e+26,1.9919182350180295e+26,5.223770151196422e+26,1.7795267315137006e+26,2.3409785870197964e+26,4.304146313755077e+26,2.9777118701723158e+26,2.7660242200388558e+25,-3.597622829591327e+25,-1.2417984489600082e+26,3.0840402407580827e+26,5.995711685590822e+26,2.8954765632234065e+26,-1.3078868658093285e+26,1.7233567003797927e+26,2.8918955178248354e+26,6.757099081893313e+25,-5.721098433187427e+26,-4.908331839302486e+26,-5.0312051811919134e+26,-9.012980514504273e+26,-1.5189880635947317e+27,-8.077965488777903e+26,-6.874607289929375e+26,4.819625958826131e+26,-9.719219005090996e+26,-4.8201374278650954e+26,-5.832045369750174e+26,2.8572224744234167e+26,5.245985516171983e+26,1.136867195574452e+26,8.673853463771124e+26,6.078491392045364e+25,-1.4551818782357639e+26,-1.474778780102794e+27,9.601161817634761e+26,1.470935303306092e+27,1.576244140986602e+27,1.338959756328972e+27,1.3949776135468506e+27,1.8143207641293278e+27,1.3101062481837636e+27,2.0387108762451988e+27,1.584084842286497e+27,2.732975596991071e+27,2.464609336502441e+27,2.6021107335263673e+27,-3.171017215073802e+27,3.903851229635743e+26,-8.323179708155313e+25,4.469313391078258e+26,-2.0222134772128805e+26,-1.0201786587931967e+27,1.3586957047854523e+27,-3.900602375247493e+26,7.854853563254702e+26,1.0141284728028506e+26,1.2834471695861499e+26,-8.745844135010969e+26,-8.389100731213445e+25,-7.750143747699497e+26,2.8381719888652733e+26,-9.58765918277824e+26,-9.372564554787872e+26,-9.935500866866294e+26,6.07039292604283e+25,-1.69055209980145e+27,-1.8550374892380174e+27,-4.227968954598106e+25,-3.2086736543443814e+26,-1.2850042659182981e+26,2.392122246289663e+26,7.570398375966374e+26,-1.1550470644536139e+27
5.8405367407996756e+26,1.313984837623819e+27,8.807647387711507e+25,4.1689718104090944e+25,1.1578522873409761e+26,1.9240762459228486e+26,-3.84995413477633e+26,-2.714952033250463e+26,-2.5913951865806634e+26,-2.282523382617037e+26,-5.367572439276272e+26,-5.856483426808745e+26,-4.7453037010067866e+26,-2.7747418860589682e+26,-2.8075482932365177e+26,-2.468097534428956e+26,-1.5906833644128015e+26,-2.0725751137646104e+26,-1.8100944242785784e+26,-1.310008651100554e+26,-1.0808944736405255e+26,9.486235015957072e+25,1.0069392380996224e+26,1.4361179876513278e+26,6.2775440999487055e+25,8.855027365516272e+25,-7.716568103087606e+25,5.447650853247161e+26,-3.259614394280579e+26,-1.862379853128581e+26,-8.897897003989409e+24,3.21297842869134e+26,2.087631278620127e+26,3.689645343605015e+26,8.654674272860402e+26,-9.151803622996555e+26,-5.278785936301098e+26,-1.7311333770263385e+26,-2.584405047122181e+26,7.923621600442618e+26,-1.5694020137879705e+27,4.51181616699511e+26,-6.392272454469556e+25,-1.965020900784675e+26,-1.7423242844526355e+26,6.568730813016748e+26,3.5893610419699585e+26,3.1580168999255035e+26,1.9691811218037864e+26,-5.123338519075201e+26,7.961052185906161e+26,6.404807875061431e+26,4.860153392086459e+26,3.0113461452064918e+26,5.14114783205779e+26,3.5780994719725025e+26,3.7375190000305116e+26,3.0808839637495222e+26,2.984815979111079e+26,3.0218202502402232e+26,1.343961404652757e+26,1.9331593287511908e+26,5.375935111969854e+25,-2.9458517275177766e+25,7.3069588130890724e+25,-3.781771949258039e+26,-7.958642725118166e+26,-3.430181154966604e+26,-4.65508636833163e+25,1.569401378119219e+26,-3.549945013676511e+26,-1.6738727009527568e+26,-4.7228946150099004e+26,-1.2393144835334872e+27,1.106131858758811e+27,9.592968122434197e+26,2.0924909561723614e+26,1.6245891680268385e+26,5.478700460689504e+26,-1.1378382053861082e+27,5.3128743592241096e+26,-9.917596825393592e+26,-6.37605012160711e+26,1.0078781516235466e+27,-2.7621137369388504e+26,2.3935150378453287e+26,-6.893325335616374e+25,1.6315154706556058e+25,-7.843277411214657e+26,-1.6987445561292208e+27,-1.3410770071654757e+26,-2.0364477513589203e+26,-8.097636139367302e+25,-1.6527224953856958e+26,1.806395803281944e+27,-1.746236592520352e+27,1.0631505934670785e+27,-1.2042123499275622e+27,-2.6976790511154245e+26,-5.172443132411122e+26,1.7788954810627683e+26,-2.3053203272989634e+26,2.8045664248705084e+26,-3.977703351657418e+26,5.510590141143131e+26,5.983336825297844e+26,6.0022293116683384e+26,-7.505337298148001e+26,1.775815684131101e+27,2.6618335177513873e+27,-1.241549073115108e+27,-3.8517699008471396e+26,-1.7861056877202775e+26,-3.0382422948886148e+26,-6.0247099556375806e+26,9.500072267640288e+26
-9.449067435749174e+26,-2.3511297016482773e+27,-1.05100237023256e+25,2.3640677729424014e+26,9.89752902713824e+25,2.1999836178656264e+26,1.0425617543742859e+27,8.287279394518262e+26,1.0375043968785808e+27,8.737005608579664e+26,1.1266698545722987e+27,1.74267679591761e+27,1.6026130673405107e+27,1.0258348024718502e+27,1.244080888271052e+27,9.776937296116866e+26,7.220518509943857e+26,8.161217751901558e+26,6.696327646594259e+26,3.9008104940460536e+26,3.709885690478045e+26,-7.564857667834466e+26,-8.149776711935397e+26,-9.327366437637556e+26,-6.832753420490299e+26,-6.982066247434954e+26,-3.4761566935614206e+25,-1.639290188763921e+27,1.5985518401064287e+27,9.940466388404764e+26,-4.440389657726479e+26,-5.886105329431737e+26,1.0712154136223357e+26,-3.88355928122073e+26,-1.1650148319213595e+27,2.3124593473891607e+27,2.3345037169378875e+27,1.0909378049871686e+26,1.5547238492734193e+27,-1.5694020137879705e+27,4.630208620434518e+27,-9.127725809174564e+26,3.695060565486315e+26,4.369331970072e+26,7.833996497349625e+26,-1.3948615575820464e+27,-6.345875461401705e+26,-3.5437819884774804e+26,-1.5537991146961608e+26,9.28573600338458e+26,-2.0842199908449786e+27,-1.993560584013675e+27,-1.0269403277905285e+27,-2.569533781601472e+26,-1.2183714253102652e+27,-1.4116998893386524e+27,-9.64092500587705e+26,-5.6051787606786174e+26,-8.91612985908462e+26,-1.248809640544569e+27,-5.142299970803596e+26,-1.0489635365842115e+27,-9.985106393074849e+26,-5.374962611863819e+26,-3.404615459386822e+26,1.26460303214298e+27,2.8614434566481614e+27,1.728790498782138e+26,-2.5213840889407912e+26,-9.849681806608575e+26,1.3516165928579383e+27,8.143844286518717e+26,9.881965835652044e+26,3.769122715050673e+27,-2.207694469430742e+27,-3.041982588300227e+27,-1.2688253296662792e+27,3.415963418535621e+26,2.3420029249824147e+26,4.055834303547996e+27,1.5965297615881473e+26,3.2214754086687545e+27,3.006566350505558e+27,-1.8671496311855528e+27,2.1075870649602668e+27,4.7430432801933655e+26,2.2204914107705035e+27,1.4208677768724107e+27,3.442468884395837e+27,2.727027309544896e+27,8.845638460083084e+26,7.321412790673986e+26,8.62607626594984e+26,5.836090164848934e+26,-6.109311773756719e+27,6.339261105094927e+27,-3.7234328500941163e+27,4.510832626428748e+27,1.420777696527557e+27,2.088337714516162e+27,-1.2283054422041269e+27,8.506971764982492e+26,-1.7231442060999127e+27,1.8788693627741953e+27,-2.949309869026909e+27,-3.1578428086200566e+27,-2.262027398894133e+27,2.268176681747042e+27,-7.045396341289675e+27,-9.607591790402446e+27,4.618648298579505e+27,1.8794723504914052e+27,1.2688579456146415e+27,1.9313406428644118e+27,3.2195926560088506e+27,-4.459991839764357e+27
3.0133854522652404e+26,5.3766866899665314e+26,1.9125439087860947e+25,-6.235053764246694e+25,2.2729130264003205e+25,6.790990185153212e+24,-2.2021944182772473e+26,-1.576680817519407e+26,-1.6956285590553253e+26,-1.592151190636199e+26,-3.181409260000455e+26,-3.23803217228098e+26,-2.5541430808730016e+26,-1.5316107052779047e+26,-1.8626259506148445e+26,-1.2694674743405003e+26,-2.757598781379158e+25,-8.4358457850493e+25,-8.346254011692073e+25,-1.0802244526909574e+25,9.167158855557445e+25,1.525838311873352e+26,1.559715289092923e+26,1.7403157024907132e+26,2.4015857787478206e+26,2.1128831968704237e+26,1.8051507420395386e+26,1.0103824916174681e+26,-2.267005171745721e+26,-1.5454087490810571e+26,1.0157172115969957e+26,6.56858859401543e+25,3.236007162851684e+23,1.130072454554518e+26,1.0613117583453738e+26,-5.36358008553978e+26,-2.2102172299856565e+26,2.393723076750769e+26,-2.5259628794703425e+26,4.51181616699511e+26,-9.127725809174564e+26,3.0905924592644587e+26,-1.5155284508201403e+26,-1.7611085589778402e+26,-1.954145127924601e+26,3.2023611373474336e+26,1.5222533428177078e+26,1.0017258825114847e+26,5.640643365984673e+25,-2.9786955436531478e+26,4.1858123291828014e+26,3.532481559258249e+26,2.1532285455807394e+26,5.127188907778659e+25,2.3422233418861847e+26,2.0335960306699923e+26,1.8122117916772695e+26,1.2288464508780942e+26,1.513931955694311e+26,3.373439828513119e+26,1.842250373645074e+26,1.6839073558606553e+26,1.2223157632230251e+26,2.4663549173484763e+26,2.186391924134313e+26,-2.3516008072039565e+24,-3.573695731659344e+26,-5.137472292889864e+24,7.892981435455346e+25,1.592963555433478e+26,-1.5254135125516644e+26,-1.906084351893905e+26,-3.0916903681239558e+26,-7.04014531704909e+26,5.5557175868507564e+26,4.973957769751596e+26,5.1037352799797155e+26,-9.614441750185553e+25,-5.7877831452406056e+25,-7.983454350822098e+26,1.687652224576951e+25,-7.43657967559599e+26,-4.6867446506017894e+26,2.167964587138453e+26,-3.195817504991341e+26,-1.6725856181526777e+26,-3.0433944212866566e+26,-4.194932088232149e+26,-4.510783246487706e+26,-4.0191401712873716e+26,-4.1544571184487115e+25,-3.3977725222114395e+25,-3.0881224924658667e+25,-4.6458193990849243e+24,5.094979030661505e+26,-7.931727741909665e+26,2.3457065684381235e+26,-5.251723541136015e+26,-2.188142174988259e+25,-1.6078638504938934e+26,9.053348072732122e+25,-3.9093102345389476e+25,8.497042346221143e+25,-1.1017027197267094e+26,1.6097493797512793e+26,1.9839809334019413e+26,1.579740674872873e+26,-2.989323285320118e+26,6.704474340661339e+26,1.0991765961725782e+27,-3.517583713358434e+26,-2.0476876995327707e+25,1.638799198719382e+25,-5.172361613540759e+25,-1.8293423023545432e+26,3.2493419338780945e+26
-3.0193561937009883e+26,4.356425081326367e+22,5.027984039903514e+26,7.026942953055168e+26,4.4460473618783384e+26,4.0527040437872504e+26,2.7965872360430086e+26,2.5349497886040255e+26,2.8053594964475932e+26,2.9833376027241885e+26,1.9189971225064257e+26,3.907086214403472e+26,3.532169548710024e+26,2.5812169390725684e+26,2.8075037805704517e+26,2.0523693312605153e+26,-1.0967501307237126e+25,1.1258886543229681e+26,1.0623238951357432e+26,-6.687982942733246e+25,-5.37276563515238e+26,-4.160142250678489e+26,-3.78804398154663e+26,-2.75528638198028e+26,-5.249988746944512e+26,-5.697051491676081e+26,-3.309005137898514e+26,5.1225780954783695e+25,3.463964539054496e+26,3.0147147393520757e+26,-2.0798164094509537e+26,1.0944827644457571e+26,2.3473093795049216e+26,4.353278400699038e+26,9.848544362714823e+26,5.732379754299034e+26,2.6614770578836343e+25,-1.2070365939892231e+27,4.640292496865498e+26,-6.392272454469556e+25,3.695060565486315e+26,-1.5155284508201403e+26,7.718313701666374e+26,1.975572618610009e+26,2.7533037803274637e+26,2.0657767099092093e+26,2.7120752462012642e+26,3.21953252971468e+26,2.3360326287153e+26,-1.0786056420077708e+25,-1.9760063079033626e+26,-3.5859727506553634e+26,2.2866656952233527e+26,4.5145928001250025e+26,1.694415553626165e+26,-1.591856044613753e+26,8.850151937695014e+25,2.0652470780730032e+26,2.234230496921986e+25,-9.287316696747887e+26,-4.9877451009184814e+26,-3.343572812976026e+26,-4.011615160697035e+26,-8.918946528426994e+26,-6.578834744585825e+26,-4.742770092899681e+26,-1.3924386305553988e+26,-6.76267041408185e+26,-4.180415639983981e+26,-2.939070229726749e+26,-1.4665052373649281e+26,3.139481945580209e+26,2.1330133321649367e+26,2.8786725036489127e+26,3.7674381947194815e+25,-4.857202881301732e+26,-1.6495134179602103e+27,6.88798828677809e+26,1.020285194093528e+27,7.550878772933302e+26,8.300379608305681e+26,8.154723222186028e+26,9.751625015635145e+26,1.0518204234297272e+27,6.985602356689934e+26,1.072137611378784e+27,9.0745735307739e+26,1.4810679288722093e+27,1.3448281114274702e+26,-7.865968943791799e+26,2.2208127644883732e+26,-2.514636444905835e+26,2.2402831827042917e+26,-2.561997048954708e+26,4.986644155944071e+26,-8.481498726603094e+24,1.0511336879982163e+26,-7.145464818988135e+25,1.8879151018579016e+26,-2.4250541712628385e+26,-2.226907463978722e+26,-2.5580872518674908e+26,-2.7123174587767305e+26,-1.7733231145367756e+26,-1.8556319682788275e+26,3.313002231354238e+25,1.1136126142280314e+26,-1.7601456720996397e+26,1.6087773400676257e+26,-1.1746320557852883e+26,-1.5422725476688124e+26,-1.0046388586607597e+26,2.5322525631731514e+25,9.441567308162188e+25,1.0866077042169977e+26,-1.813516617512119e+25
-1.345122549458177e+26,-1.215198333547854e+26,5.564027211079791e+25,1.3810857973071016e+26,5.7534352959175395e+25,8.683206343495691e+25,1.293144120618813e+26,9.624561671967011e+25,1.0896443244946578e+26,1.0968668688352352e+26,1.711326005492571e+26,1.9090993534933633e+26,1.5358832005836532e+26,9.083198935145708e+25,1.1776427966037294e+26,6.941328604187028e+25,-1.0594022126829393e+25,3.4575085707995917e+25,3.8467827958707362e+25,-2.4197715755201563e+25,-1.5278830218418957e+26,-1.414992811090494e+26,-1.3880415068339412e+26,-1.3647034151962671e+26,-2.4090225470962753e+26,-2.092661589364733e+26,-2.0681457078401544e+26,4.3125356143680595e+25,1.4896836417552672e+26,1.1449844565205225e+26,-1.0376635883887606e+26,2.8439053118369823e+25,7.558005674398636e+25,3.952801948564581e+25,2.1949767698007372e+26,3.0807715075352402e+26,6.955667669120419e+25,-3.6665283992610624e+26,1.9919182350180295e+26,-1.965020900784675e+26,4.369331970072e+26,-1.7611085589778402e+26,1.975572618610009e+26,1.3608899905020329e+26,1.7563094578460212e+26,-1.1170925489257386e+26,-2.1283462526201825e+25,2.650357294273998e+25,2.8410861150912738e+25,1.4110699463401467e+26,-2.1095340535279408e+26,-2.0668082133765113e+26,-5.451335422310656e+25,8.400020684276014e+25,-7.086856119108234e+25,-1.1494862721072147e+26,-6.488495738414666e+25,-1.2110181276086337e+25,-5.893027476979754e+25,-3.1538335234317097e+26,-1.745627988112278e+26,-1.2912805094535941e+26,-1.3582867685353249e+26,-3.1949595675730495e+26,-2.340009864292762e+26,-1.5755403970800465e+26,7.561965170997932e+25,-1.625692974374656e+26,-1.3367428218660912e+26,-1.3448292974267904e+26,1.8620655462768378e+25,1.7408127392187908e+26,1.78990028498784e+26,3.2017102438749045e+26,-2.1799533117534476e+26,-2.6681733713414823e+26,-5.6776570807067226e+26,2.134166817714094e+26,2.8312773854761285e+26,4.9625877140940534e+26,2.0530651445596416e+26,4.981894573611347e+26,3.569891887974494e+26,1.6588388345492513e+26,2.805976540400679e+26,3.35654770655015e+26,3.452129980859747e+26,5.412146548026579e+26,2.1837883734241613e+26,-1.3983962774394054e+26,2.7643790177300722e+25,-6.08876157361192e+25,2.9893294373941388e+25,-7.766385496925882e+25,6.739184123596682e+25,2.122409814207623e+26,6.954089679091265e+25,1.1506521756939707e+26,-2.860551836946064e+25,-3.8257003286579114e+25,-5.990346154696934e+25,-6.6717775416630976e+25,-3.0598367239331208e+25,-4.694056199184409e+25,-6.549640347493535e+24,7.950598990719777e+24,2.1664174325133064e+25,2.5301216111853727e+25,-8.75522281802304e+25,-2.812429810289697e+26,-3.808193487238682e+25,-1.0365750531876604e+26,-6.889013380679973e+25,-3.791552007584241e+25,-3.158804388551631e+24,-1.8557673959457034e+25
-6.047709818544935e+24,1.967474118319275e+26,5.737866909683734e+25,2.1459757377035388e+26,1.1309197670446471e+26,2.5203751261442633e+26,1.9225577857491372e+26,1.6155443703633658e+26,2.4283147844311998e+26,2.1824049509902296e+26,1.958127363405437e+26,2.99190403367464e+26,2.7773995206054932e+26,1.9289311576899466e+26,2.9993259615040864e+26,1.7095033150991708e+26,4.6088774730093435e+25,1.0675789039234188e+26,1.0019412859742938e+26,-2.468658108618178e+25,-1.6345803290891196e+26,-3.197422365660477e+26,-3.350956533428852e+26,-3.761809993807603e+26,-5.918817963188424e+26,-4.436652939855349e+26,-5.438350418157322e+26,1.0813546919308478e+26,4.067771544684926e+26,2.7886184176839324e+26,-2.8608486981392287e+26,1.0064106457917203e+26,2.635966832995151e+26,1.033862186909756e+26,5.4264456070715215e+26,3.9678336147758566e+26,3.511684969441522e+26,-5.7525105228199094e+26,5.223770151196422e+26,-1.7423242844526355e+26,7.833996497349625e+26,-1.954145127924601e+26,2.7533037803274637e+26,1.7563094578460212e+26,3.71168707916464e+26,-1.1492776044733438e+26,2.0517172609852978e+25,1.5668649466369038e+26,1.3558896054900602e+26,1.2877656705091083e+26,-2.8954001334610755e+26,-3.310492291766011e+26,-3.539131398183503e+25,2.6485056268664783e+26,-7.861986022466023e+25,-2.690000692326611e+26,-1.0522201691057567e+26,2.6522706930814225e+25,-1.2393645526545784e+26,-5.033842609483819e+26,-3.1592331859226956e+26,-3.206819567284561e+26,-4.16220517844104e+26,-7.34916169792664e+26,-4.256488089598203e+26,-3.410180002524004e+26,2.43919019076761e+26,-4.540553986277079e+26,-3.1282955150705754e+26,-3.761178571806939e+26,1.3921283653027758e+26,3.8643975382313496e+26,2.021024173350881e+26,5.795045960022255e+26,-1.5783044734486448e+26,-3.970058853397225e+26,-9.888272857894184e+26,5.370319766201875e+26,7.635652574911955e+26,1.0414798847778187e+27,6.4156413240996e+26,9.165522408150115e+26,7.854410544727685e+26,4.848157605649064e+26,7.68968130584664e+26,8.213935901255487e+26,1.0638021048023208e+27,1.2572263143400467e+27,8.309757317830117e+26,-9.986110415789743e+26,7.696176622132491e+25,-9.270302666240867e+25,1.1562847736763984e+26,-1.5117435018207472e+26,1.268007010560786e+25,5.575166711937728e+26,1.3464878034988704e+26,3.360454732016269e+26,-6.886458649883943e+25,-7.168031040550563e+24,-2.2349423199087648e+26,-1.0647658438391776e+26,-1.3586865210472329e+26,-2.3094712885477278e+23,-1.419165973521097e+26,-1.8125991435782242e+26,-6.875336347693023e+25,1.193608647877994e+25,-4.355717997514134e+26,-7.01327448741209e+26,-7.798305901897464e+25,-2.0285723252200246e+26,-1.1475465369952249e+26,-8.7948131640994e+24,1.348957451504002e+26,-2.42991912997188e+26
4.6993618647396975e+26,1.495817865991375e+27,1.69278104858278e+26,2.5844219278346015e+26,2.104081317639807e+26,3.473461659037079e+26,-2.9690989444247016e+26,-1.3216666059033882e+26,-2.727411916174436e+25,2.5894863997112624e+24,-5.007558421228999e+26,-6.870886267649385e+26,-6.001941172122918e+26,-1.4308436758258943e+26,-2.477986518558215e+25,-1.3228393829990585e+26,-3.147388556092477e+26,-1.7835386349068364e+26,-1.1036904839505e+26,-2.4494994875692466e+26,-5.2261171560998486e+26,-2.2666627622741987e+26,-2.3671069927037028e+26,-2.155930674513422e+26,-6.479494865461227e+26,-4.439822126436107e+26,-8.294815413837976e+26,8.564264811077275e+26,-2.458053408080394e+25,6.6900769959269925e+25,-2.948974004011496e+26,4.00923191557011e+26,3.842558435802548e+26,3.9231532230814074e+26,1.3647493911442387e+27,-8.299170024885653e+26,-6.967736302192936e+26,-1.020911209994781e+27,1.7795267315137006e+26,6.568730813016748e+26,-1.3948615575820464e+27,3.2023611373474336e+26,2.0657767099092093e+26,-1.1170925489257386e+26,-1.1492776044733438e+26,1.0436105979856172e+27,5.901209639906512e+26,5.107121088418571e+26,2.8670587708667594e+26,-5.774694267403704e+26,1.2059387297565907e+27,1.0077889766318117e+27,8.865328020426827e+26,5.5093857489107654e+26,9.688872884094509e+26,7.062362061292167e+26,7.211187751435435e+26,5.422857210448908e+26,5.652360607428267e+26,-3.773203790314532e+23,-2.247801359657103e+26,1.3228274107807435e+26,-1.0540511424436926e+26,-8.548849569180926e+26,-5.46612716647209e+26,-1.1187809423419908e+27,-1.0664032181396168e+27,-7.724212188335464e+26,-1.8761873133531466e+26,1.3272389520950776e+26,-4.825710577550154e+26,-1.353858219492789e+26,-3.963767865124048e+26,-1.2047201115064803e+27,1.3821491939418728e+27,1.5222752530267598e+27,-7.295388531405545e+26,4.588151453257277e+26,1.1678580794953017e+27,-9.325921430378253e+26,9.775790350961606e+26,-6.808966596157722e+26,-3.118930476204467e+26,2.1274684207201803e+27,2.7094504177812036e+26,8.854014193658474e+26,6.447598707083189e+26,1.0450008589592898e+27,-4.5868153874018664e+26,-3.770365517086153e+27,-2.1044876339993602e+26,-4.168707333687262e+26,-1.4299036999984944e+26,-4.0986494414564805e+26,2.7750865822790327e+27,-2.1903847561345105e+27,1.8730199519533198e+27,-1.6613343968248293e+27,-6.610899444729695e+26,-9.3048059109698e+26,1.319775392468207e+26,-4.503364488626968e+26,4.25277330030198e+26,-6.975022471919116e+26,8.919110422586146e+26,9.472874695055817e+26,7.500339663713107e+26,-9.470308340846658e+26,2.5048292286759077e+27,3.8101685810667847e+27,-2.4156413082787358e+27,-1.1191991653954467e+27,-6.667083737706805e+26,-7.57864974020057e+26,-1.0918695124213915e+27,1.488223101471554e+27
2.1604403886064906e+26,8.399330548528662e+26,1.727320587127437e+26,2.7689234447941938e+26,1.8414986697023314e+26,2.4084357929866574e+26,-3.994476736360518e+25,2.036229529377916e+25,7.7238677596397836e+25,8.103500326229374e+25,-1.7584912884276338e+26,-1.8412726237428883e+26,-1.3976266475951382e+26,3.0431751319669607e+25,9.400661361557778e+25,2.77615112145267e+25,-6.792028197161362e+25,-6.402270252241477e+24,7.050203931804214e+24,-6.963038905688051e+25,-2.3183322520519868e+26,-1.7692913317096646e+26,-1.76446251352679e+26,-1.835554516622244e+26,-4.458314023147194e+26,-3.0473361717618772e+26,-4.9851014449756226e+26,3.0594521446081712e+26,1.3050570477747642e+26,1.125696716617765e+26,-1.6507606190270095e+26,1.494148666648938e+26,2.236960532688936e+26,2.284210440817539e+26,7.50462178217048e+26,-2.4546818801217205e+26,-1.6046310790849735e+26,-5.780378181614675e+26,2.3409785870197964e+26,3.5893610419699585e+26,-6.345875461401705e+26,1.5222533428177078e+26,2.7120752462012642e+26,-2.1283462526201825e+25,2.0517172609852978e+25,5.901209639906512e+26,4.1194247151100605e+26,4.121028421749943e+26,2.556060167033963e+26,-2.9133586537660216e+26,5.19506225816056e+26,3.7727362168084426e+26,5.6217874374231496e+26,4.7134150061114275e+26,5.891258663864993e+26,3.0297651948909708e+26,4.4118213630428754e+26,3.978206159515375e+26,3.410789418570927e+26,-1.1438325920921796e+26,-1.8184206789021077e+26,-2.8898475218778595e+24,-2.0676714734398387e+26,-6.556389365329804e+26,-3.577106080095513e+26,-7.126752493041892e+26,-6.583319011313634e+26,-6.517529785100999e+26,-2.2521701209777878e+26,-6.792271668273684e+24,-3.123465306963297e+26,9.96630249626571e+24,-2.342005799566414e+26,-6.991101778244673e+26,6.953535061132341e+26,6.387216348681717e+26,-5.9683035528131704e+26,4.7117613255434126e+26,7.030283241292573e+26,-4.000427608783054e+26,6.46393461018049e+26,-2.3217935178822896e+26,1.4964290226053373e+26,1.350268110698189e+27,3.694977575793961e+26,7.901160229397178e+26,6.546993072936784e+26,9.508854802795315e+26,1.0538569501352278e+26,-2.2837885676791536e+27,-2.2607827538461135e+25,-2.9844299495519743e+26,6.30997351294391e+24,-2.981780090615306e+26,1.3038520684153554e+27,-1.2227685603679779e+27,8.096618069028835e+26,-9.57473909697638e+26,-2.5542392848258013e+26,-5.7595451238197325e+26,-5.593849189345978e+25,-3.2281063501020316e+26,9.011002130113342e+25,-4.209908589021129e+26,3.5046697619235035e+26,4.645794168587206e+26,2.3895293738202587e+26,-6.492800685853858e+26,1.2531689799729903e+27,1.835385006964158e+27,-1.24678860963866e+27,-5.97351915912326e+26,-3.361118556553982e+26,-3.608966768578794e+26,-5.063563428829372e+26,7.111730302664425e+26
2.35455083261908e+26,9.615963354997721e+26,1.5399831982999892e+26,2.987465189081238e+26,1.735899917810336e+26,2.7555722531228453e+26,3.955843199013729e+25,7.874493325633678e+25,1.723348719067646e+26,1.4558849491166292e+26,-8.698089008543819e+25,-4.918775184524775e+25,-5.040207612144495e+24,1.1935817844595201e+26,2.3281520816372597e+26,1.2347539103840618e+26,3.2601041240067388e+25,8.383667330025939e+25,7.956050244202555e+25,-1.3732021740435053e+25,-1.0811621564619637e+26,-2.600550131464871e+26,-2.7617294418342274e+26,-3.437572853827936e+26,-6.670843670550197e+26,-4.071484995535623e+26,-7.219179236321689e+26,2.42098906062219e+26,3.2721315413324385e+26,2.1675032021530168e+26,-2.444313790052941e+26,1.1815099234778387e+26,2.816730890801949e+26,1.946546337474619e+26,8.025541992758663e+26,-9.860665490258448e+25,1.4182849710187072e+26,-5.088023247837314e+26,4.304146313755077e+26,3.1580168999255035e+26,-3.5437819884774804e+26,1.0017258825114847e+26,3.21953252971468e+26,2.650357294273998e+25,1.5668649466369038e+26,5.107121088418571e+26,4.121028421749943e+26,5.029264239016111e+26,3.2151004234358466e+26,-2.2035338879444604e+26,3.802566136997529e+26,2.4623138210145414e+26,5.664022195072373e+26,6.315781486041755e+26,5.929671491097153e+26,2.0550829940066116e+26,4.450617824225235e+26,4.6267452737310394e+26,3.450194975251623e+26,-1.2817694858358673e+26,-2.3457026375702863e+26,-1.0379826048787548e+26,-4.239656982713855e+26,-9.507668447129035e+26,-4.2587412953513464e+26,-9.133499678799733e+26,-6.723590740720229e+26,-9.03126739297566e+26,-3.78564283560212e+26,-1.6733039251057318e+26,-3.0014529249109007e+26,1.6509202416107167e+26,-2.1012329923064704e+26,-6.203952824704613e+26,5.955393330621636e+26,5.2644062941933394e+26,-7.127914306643143e+26,7.133798149069327e+26,8.340194815204634e+26,-1.17372137906622e+26,8.122160912772799e+26,4.700891403015629e+25,4.397840640995318e+26,1.495648459546044e+27,6.705639702144285e+26,1.1294278332319522e+27,1.1064962062124767e+27,1.4454509692121723e+27,7.235812058644108e+26,-2.82909068288537e+27,1.6995389608017145e+25,-3.8589371606448326e+26,6.296969036811844e+25,-4.1663523240580856e+26,1.177984672551092e+27,-1.1590478638867701e+27,7.543577657825831e+26,-9.663507305524264e+26,-2.811918623657488e+26,-6.65953810533407e+26,-1.9220481521289837e+26,-4.2786077954421626e+26,1.0645579365296184e+25,-4.88750189305806e+26,2.9280492617684616e+26,4.26786481119384e+26,9.910450280365464e+25,-7.823303189702536e+26,1.116757350763815e+27,1.5881799452255733e+27,-1.3141735177083323e+27,-7.249861553450326e+26,-4.193946019507238e+26,-4.05831723907069e+26,-4.898468931599615e+26,6.475223716328988e+26
1.5398453927473484e+26,5.993378620650686e+26,1.1119134810208578e+26,2.187009579919297e+26,1.3125434194050277e+26,2.0248178739848093e+26,4.737898480546519e+25,6.462176317049475e+25,1.2148373424655602e+26,1.0764124035576861e+26,-3.3501478143851894e+25,2.144877858218323e+25,4.616616937816992e+25,8.929749257543423e+25,1.5720849104557248e+26,8.592588316631916e+25,2.5076466473555546e+25,5.565798452700761e+25,5.0785174548785405e+25,-1.1515933178169763e+25,-8.989448124080704e+25,-1.7375814672522277e+26,-1.8075090870317986e+26,-2.1354034366009652e+26,-4.033704697456524e+26,-2.634690696379506e+26,-4.1857391343893104e+26,1.281456096844522e+26,2.207175131049131e+26,1.477531838692313e+26,-1.594439160862476e+26,7.941563596535851e+25,1.9601576004762005e+26,1.4097389202841414e+26,5.2141283497155566e+26,-8.323582968244588e+24,1.1649934284851773e+26,-3.696051064221901e+26,2.9777118701723158e+26,1.9691811218037864e+26,-1.5537991146961608e+26,5.640643365984673e+25,2.3360326287153e+26,2.8410861150912738e+25,1.3558896054900602e+26,2.8670587708667594e+26,2.556060167033963e+26,3.2151004234358466e+26,2.209646058086723e+26,-1.287448937595462e+26,1.6331454056957717e+26,6.741219806523108e+25,3.094680557107374e+26,3.934052187000447e+26,3.031516772403938e+26,4.56945107494741e+25,2.102568119174424e+26,2.549777463265343e+26,1.4791087344751466e+26,-1.6140539699672762e+26,-1.5751501393650978e+26,-1.0280988942040712e+26,-2.767584045062528e+26,-5.730678578942726e+26,-2.676502968735942e+26,-4.9424763372577746e+26,-3.349408862720121e+26,-5.5522928373103206e+26,-2.4896189621619636e+26,-1.4048572472819093e+26,-1.4575032648224377e+26,1.3968871083956566e+26,-1.2566849117733125e+26,-3.1627790860246996e+26,3.41234772774937e+26,1.9721826246887102e+26,-5.3429410193324934e+26,4.7938020663509506e+26,5.7400764973593e+26,3.6064806351246083e+25,5.52959254048219e+26,9.687114402808445e+25,3.6057670861573e+26,8.912472179874565e+26,4.676852584228856e+26,7.378313134378371e+26,7.495336700425299e+26,9.36411578324365e+26,4.5802077948097e+26,-1.6042872721647359e+27,3.565646354427217e+25,-2.06404157511549e+26,6.309592229428691e+25,-2.2535493285584144e+26,6.1717248211661525e+26,-5.8072571946455506e+26,3.8873551037848636e+26,-4.7959733376969875e+26,-1.2373921795136347e+26,-3.384963005605708e+26,-1.4004703402475708e+26,-2.3079909746376932e+26,-3.8075521598585096e+25,-2.458800099605578e+26,1.0483239932851553e+26,1.8339670689055708e+26,2.8022518275809037e+25,-4.424804514904743e+26,5.373951965151833e+26,7.54345920741412e+26,-6.718472234472815e+26,-3.661571283742268e+26,-1.976545653438934e+26,-1.7883578021936518e+26,-2.0862483073787183e+26,2.8834367466326296e+26
-3.8581861027566885e+26,-8.78352318593665e+26,-1.100000589698006e+26,-1.0725372689528995e+26,-1.6398744187531086e+26,-2.5294213935448073e+26,2.6972263244783385e+26,1.513362639373359e+26,1.0097772043686284e+26,6.967499728118947e+25,4.3053039589740456e+26,4.567807912991589e+26,3.726889437420861e+26,1.5187531216547347e+26,1.1632908254762529e+26,1.398648958547709e+26,1.8016481257877506e+26,1.4857726571389264e+26,1.1577807723771734e+26,1.5722643942276168e+26,2.754096399423359e+26,6.24740683309272e+25,6.018228161573317e+25,-5.195249930878948e+24,9.489742441087563e+25,1.0745454624652223e+26,1.4679962782114316e+26,-4.532836447699605e+26,1.3633230169691965e+26,3.213359063566689e+25,1.1555168389040868e+26,-2.8915487952124308e+26,-2.440992985153352e+26,-3.3698161946161756e+26,-8.02216757488468e+26,6.519945989707271e+26,4.4389959621686456e+26,4.738816871490916e+26,2.7660242200388558e+25,-5.123338519075201e+26,9.28573600338458e+26,-2.9786955436531478e+26,-1.0786056420077708e+25,1.4110699463401467e+26,1.2877656705091083e+26,-5.774694267403704e+26,-2.9133586537660216e+26,-2.2035338879444604e+26,-1.287448937595462e+26,4.386848215934309e+26,-6.815952293392619e+26,-5.214900189997482e+26,-3.937923890337959e+26,-1.906037652658852e+26,-4.048916618867307e+26,-2.725038935752969e+26,-2.776776888561973e+26,-2.082138246578149e+26,-1.925900487175645e+26,-1.0749859360966378e+25,2.9461266214999255e+25,-5.239646889421923e+25,7.167644119827166e+23,1.5112644557917686e+26,1.200707309875915e+26,2.436649892792141e+26,3.4907010524970356e+26,2.3269708868196794e+26,2.2194723534159743e+25,-7.5068498711466835e+25,1.4839217416829336e+26,1.2792888479678785e+26,2.7651898705453175e+26,5.911512479300334e+26,-9.079954862622511e+26,-7.057626224488388e+26,1.9886061453082258e+26,-1.089852261967998e+26,-6.904998037764475e+26,5.4365999367842616e+26,-5.673575733767791e+26,5.314427934688169e+26,2.9364500482338127e+26,-8.889341602273264e+26,7.837746469892069e+24,-2.3226162827217244e+26,-1.4653002041241751e+26,-1.7739693040405895e+26,6.291266198274438e+26,1.4462605470727433e+27,5.759569906108127e+25,7.954994541470978e+25,1.1343944037383664e+25,5.9556364617681e+25,-1.2168259004051086e+27,8.210300309354474e+26,-7.764287238619532e+26,5.4661854841217193e+26,1.552267236300601e+26,2.207044167794469e+26,-8.320885582099295e+25,7.7299407559965365e+25,-1.2458339040941887e+26,1.3082409538988205e+26,-2.365607442871895e+26,-2.2252930209984166e+26,-4.122716459110075e+26,2.9614637881746892e+26,-9.23687392973892e+26,-1.5907416390413762e+27,7.829381488868188e+26,2.1100135332926565e+26,6.656696681254526e+25,1.0399879826609002e+26,2.4765963333734994e+26,-4.339598744525926e+26
7.524337910271697e+26,2.0758266056010534e+27,-1.2901322594872295e+26,-1.2984458130660741e+26,-6.0429511198340435e+25,1.9414395742670742e+26,-6.729323775562448e+26,-4.133983829851645e+26,-2.5032124551714247e+26,-2.1441801484665534e+26,-7.861630702586793e+26,-1.3858129796661317e+27,-1.2921718438905986e+27,-4.6601005050975084e+26,-2.36259835971553e+26,-4.084313291073039e+26,-6.502537921129317e+26,-4.305647219488833e+26,-2.721839987457525e+26,-4.416939960749063e+26,-6.299010932223468e+26,-1.6911258008253195e+26,-2.3208249777768786e+26,-2.6931414681791456e+26,-8.698340703822816e+26,-4.729719227585594e+26,-1.356206960011882e+27,1.6151248649352525e+27,-2.9630742872731698e+26,-7.53513021526144e+25,-4.39699056587955e+26,6.397730100475911e+26,4.371465224472054e+26,2.6679794821936326e+26,1.619433123501646e+27,-1.5654716986416667e+27,-1.310677449847974e+27,-1.029080853982679e+27,-3.597622829591327e+25,7.961052185906161e+26,-2.0842199908449786e+27,4.1858123291828014e+26,-1.9760063079033626e+26,-2.1095340535279408e+26,-2.8954001334610755e+26,1.2059387297565907e+27,5.19506225816056e+26,3.802566136997529e+26,1.6331454056957717e+26,-6.815952293392619e+26,1.8864582243820848e+27,1.813633896659678e+27,9.620173946727002e+26,3.800761503229931e+26,1.1437544976138551e+27,1.1778212894382308e+27,8.57292584347985e+26,5.013026750524377e+26,7.096426546010223e+26,5.4353427079327715e+26,-9.359968878481253e+25,4.132832705090279e+26,1.8519055723938804e+26,-8.230094359721907e+26,-5.745911590507089e+26,-1.5044214120076203e+27,-1.404596081332368e+27,-5.680518110152763e+26,1.0335395981157068e+25,3.51297348675554e+26,-5.694214600895251e+26,-3.2779754457245337e+26,-5.24970250631675e+26,-1.6751174697284502e+27,1.8099724947975122e+27,2.691551677033209e+27,-2.4569021666123965e+26,1.5568771979697487e+26,1.2008330700721446e+27,-1.5785567611701323e+27,9.1319238923438e+26,-1.2429742804821343e+27,-1.2749831683111024e+27,2.3793240192379024e+27,-1.0347185337258207e+26,5.330022896627915e+26,2.9926508077359386e+26,6.240927611562121e+26,-8.860174401871159e+26,-5.056654973329655e+27,-6.568969592295785e+26,-4.6069175158762026e+26,-5.352157631040569e+26,-4.702663521310968e+26,4.4835965198989847e+27,-3.226765883701353e+27,3.349621056902605e+27,-2.4147567673641892e+27,-1.4784575310742472e+27,-1.2810710715568836e+27,5.199204036941452e+26,-5.2222591432380364e+26,1.117743560352507e+27,-1.0286834663997686e+27,1.8464638828331939e+27,1.6494075183162443e+27,1.4071548617472762e+27,-1.195475636019135e+27,4.0208147360123753e+27,6.175526496967723e+27,-3.9414198826944686e+27,-1.943342492284863e+27,-1.2797285241846546e+27,-1.4846861057443205e+27,-2.050190146521003e+27,2.6083548677256267e+27
6.553302027898011e+26,1.8277286248290752e+27,-2.7745472923104505e+26,-3.2189815441526334e+26,-2.3845721997082194e+26,-5.192657437319604e+25,-6.430975033380565e+26,-4.1404078957552015e+26,-2.627571349094417e+26,-2.578779703029706e+26,-6.67620167871351e+26,-1.3891913432975235e+27,-1.337265560158582e+27,-4.6829878494638546e+26,-2.1476628783539094e+26,-3.815927538388853e+26,-5.8301241351775616e+26,-3.611836109923803e+26,-2.018298342072628e+26,-3.2411189052750514e+26,-3.497276153283118e+26,-6.409121754124979e+25,-1.5560976139769846e+26,-3.039091692516766e+26,-9.083800397445562e+26,-3.641092753836435e+26,-1.4908750853126854e+27,1.4619792105527622e+27,-2.74528110669667e+26,-1.0516555714835354e+26,-3.527295811164258e+26,4.2587486066864724e+26,2.4223534342858773e+26,-2.824139513416818e+25,1.031089031220445e+27,-1.493165682859582e+27,-1.2028348004494347e+27,-4.9960625321737804e+26,-1.2417984489600082e+26,6.404807875061431e+26,-1.993560584013675e+27,3.532481559258249e+26,-3.5859727506553634e+26,-2.0668082133765113e+26,-3.310492291766011e+26,1.0077889766318117e+27,3.7727362168084426e+26,2.4623138210145414e+26,6.741219806523108e+25,-5.214900189997482e+26,1.813633896659678e+27,1.8936676235530795e+27,8.424157900456086e+26,2.4570905251668476e+26,1.0748626929773836e+27,1.3076395923946845e+27,8.398172699717501e+26,4.277496926284344e+26,7.458593654519059e+26,9.429039268249451e+26,3.908899742194529e+25,5.749207053648807e+26,3.1235086498669126e+26,-7.340357110035443e+26,-4.6019034929734696e+26,-1.6299729793581786e+27,-1.518423134180515e+27,-4.011117038583062e+26,1.0844011385737677e+26,4.449516586569335e+26,-5.96654386081501e+26,-3.7792952330892996e+26,-5.062760149562997e+26,-1.7630103705913186e+27,1.5140512423563434e+27,2.864637352379762e+27,3.0482657515645207e+26,-2.7009084875096366e+25,5.71814340036432e+26,-1.7769174030881518e+27,4.441442611992723e+26,-1.3519345352255413e+27,-1.5006459924089924e+27,2.004228930702487e+27,-2.721733399184061e+26,2.491455954158118e+26,5.600727269659255e+25,2.8712078690835624e+26,-4.880975221546911e+26,-4.886139870656547e+27,-7.709128352325973e+26,-4.9234155850755844e+26,-6.800053107028495e+26,-5.215852335716408e+26,4.334418732706955e+27,-3.458100066578773e+27,3.345008488497534e+27,-2.647277412090742e+27,-1.699253962860878e+27,-1.4306269843570463e+27,5.6430236846696484e+26,-5.7596187225791846e+26,1.2794997465524808e+27,-1.1876510525410098e+27,2.1014998725393983e+27,1.8917805277230765e+27,1.2717600704851968e+27,-1.2870221749556958e+27,4.240200413970021e+27,6.405498838737379e+27,-4.238369958537295e+27,-2.2573987152519534e+27,-1.5726914975492876e+27,-1.8042449719458787e+27,-2.3852464369212033e+27,2.9080259972601507e+27
3.332258045698689e+26,1.2895404655577405e+27,1.206388647211505e+26,2.251987154690718e+26,1.2589447377102934e+26,2.120347254500236e+26,-1.1712849687383081e+26,-1.5251944512188704e+25,9.183874061452671e+25,6.983628514168558e+25,-2.794919737099175e+26,-4.259421558749905e+26,-3.601386561441846e+26,1.1715814309423465e+25,1.4848274849199761e+26,3.761165721468531e+25,-7.799195868689959e+25,1.2956938807235892e+25,3.7360643827883273e+25,-5.634606821807559e+25,-1.5710599774188376e+26,-2.192177806476607e+26,-2.463362496089441e+26,-3.434270281121323e+26,-8.012279178321408e+26,-4.24355054482042e+26,-9.815984443105694e+26,4.9966367833690726e+26,2.091065954375506e+26,1.520659509358898e+26,-2.4648871720738746e+26,1.5907441257763512e+26,2.5976050682087387e+26,1.7341101617058876e+26,9.116315106029513e+26,-5.07580597521546e+26,-2.1189932807622478e+26,-5.300904100667199e+26,3.0840402407580827e+26,4.860153392086459e+26,-1.0269403277905285e+27,2.1532285455807394e+26,2.2866656952233527e+26,-5.451335422310656e+25,-3.539131398183503e+25,8.865328020426827e+26,5.6217874374231496e+26,5.664022195072373e+26,3.094680557107374e+26,-3.937923890337959e+26,9.620173946727002e+26,8.424157900456086e+26,9.254398714545877e+26,6.898321489634445e+26,1.0572509368795036e+27,7.428456684867642e+26,8.538860262828814e+26,6.669446633186893e+26,7.300205223624253e+26,2.1554108653632626e+26,-2.1289653783832268e+26,1.5634470970337996e+26,-2.8559452401078818e+26,-1.126888503533855e+27,-5.201673917369487e+26,-1.431848839899592e+27,-1.2608496373676532e+27,-1.0049038898054757e+27,-2.9631663749122974e+26,8.41161457901736e+25,-5.70605654159678e+26,-5.414921704242461e+25,-3.5431994197792396e+26,-1.2297784525381651e+27,1.035795370044517e+27,1.4204320802167064e+27,-4.849758934675581e+26,6.09559788291672e+26,7.787270612982606e+26,-8.630695064529027e+26,7.631278448664786e+26,-4.863501696596143e+26,-4.289379839860466e+25,2.0802385339481938e+27,4.618019773835219e+26,1.0951735834394752e+27,8.96114875210191e+26,1.373939939687844e+27,4.523895716175054e+26,-4.1337357701766515e+27,-1.4260886439485472e+26,-5.899509426649852e+26,-9.297954197526894e+25,-6.130745303866544e+26,2.2515656863477617e+27,-2.2934677313263178e+27,1.4983520185447957e+27,-1.8765378014594814e+27,-6.425930792951797e+26,-1.1805749392721433e+27,-5.067036416280552e+25,-6.426218251627804e+26,3.1006104435473506e+26,-8.827995852846546e+26,8.383889082173397e+26,1.0120806056216832e+27,3.8416320828746516e+26,-1.16285192716763e+27,2.379696933510515e+27,3.503144043970037e+27,-2.492735212095637e+27,-1.33166134057119e+27,-8.42906055750691e+26,-9.047211085218213e+26,-1.17285718219479e+27,1.4992202279617714e+27
2.1789349801991053e+26,1.1410555961025752e+27,2.0133875899938403e+26,3.925740685289281e+26,2.0809496077388697e+26,3.308353063455951e+26,9.842178989789469e+25,1.288008025839402e+26,2.5361556994180994e+26,2.0618014410999323e+26,-2.9270746651547295e+25,1.5420541601629753e+25,5.694762216319282e+25,1.8840554308867725e+26,3.498700635226142e+26,1.985929055230585e+26,9.108130542984248e+25,1.5227043546124129e+26,1.397472392750703e+26,1.8194892218893426e+25,-6.557560520433769e+25,-3.616770106794969e+26,-3.9112715901344985e+26,-5.08724063650253e+26,-9.623310758176682e+26,-5.577849160226293e+26,-1.035958186289942e+27,2.767440230680825e+26,4.910824884088656e+26,3.149823147239304e+26,-3.295107770803365e+26,1.187182781973065e+26,3.45815031657201e+26,2.2303697978821104e+26,1.0313175945128521e+27,-2.5728487169657603e+24,2.9492595328601253e+26,-5.860580845073166e+26,5.995711685590822e+26,3.0113461452064918e+26,-2.569533781601472e+26,5.127188907778659e+25,4.5145928001250025e+26,8.400020684276014e+25,2.6485056268664783e+26,5.5093857489107654e+26,4.7134150061114275e+26,6.315781486041755e+26,3.934052187000447e+26,-1.906037652658852e+26,3.800761503229931e+26,2.4570905251668476e+26,6.898321489634445e+26,8.636698307131094e+26,7.490661396685413e+26,2.5998912327190338e+26,5.8650551335349776e+26,6.162166555597987e+26,4.8718938760942194e+26,-1.3611906732143004e+26,-3.297048166041408e+26,-1.5281075510942846e+26,-6.564654941368728e+26,-1.4187845134441332e+27,-5.869091416512979e+26,-1.3802987375885977e+27,-9.514610760015046e+26,-1.2802832072846186e+27,-5.795070053375369e+26,-2.9423361778720808e+26,-4.287564744099584e+26,2.981906487880785e+26,-1.637246317780983e+26,-6.979717040789926e+26,6.12106410326387e+26,6.210304440050692e+26,-9.453549179120715e+26,1.0024608055542008e+27,1.0489637560346144e+27,1.9713840196549002e+25,1.0381117783170156e+27,2.853106320286528e+26,6.556313159786288e+26,1.9366581894376916e+27,9.28590070437738e+26,1.578985932922867e+27,1.5174881013821276e+27,2.0914120937868136e+27,1.1809294519320561e+27,-3.814993492425746e+27,3.013148959646205e+25,-6.183067907130701e+26,9.36826554524266e+25,-6.763505645550683e+26,1.541122064913257e+27,-1.5436449521534397e+27,9.73131343601531e+26,-1.3515243360725847e+27,-3.965240976232329e+26,-1.0185215102998865e+27,-2.905308935752614e+26,-6.850089686514769e+26,1.4240526675206382e+25,-7.711672309930867e+26,4.3886061523337375e+26,6.629046775970434e+26,1.180589113478237e+26,-1.0900707543517313e+27,1.5216964849697003e+27,2.0359405834794883e+27,-1.81249246287335e+27,-1.0808574899359272e+27,-6.524100141279516e+26,-6.319673568568716e+26,-7.388484909506375e+26,9.402571865891523e+26
3.6040850251255295e+26,1.4176840997016608e+27,6.8629913412226835e+25,1.5773258291049866e+26,6.216492111622759e+25,1.3599003241846555e+26,-1.530540118175402e+26,-4.044424517565401e+25,7.971781108011277e+25,4.150481608923192e+25,-3.0501831812888032e+26,-5.404469716328495e+26,-4.738048574037455e+26,-8.042179099867812e+24,1.605783567777117e+26,3.97923397298447e+25,-5.043648702618406e+25,3.813342123491646e+25,6.426427431555669e+25,-8.310929529234597e+24,-1.5682372541843899e+25,-1.801419634768281e+26,-2.2874725899342108e+26,-3.950858135630742e+26,-9.221245647399843e+26,-3.996803077844363e+26,-1.1787083461999135e+27,5.103070700287346e+26,2.300186710150772e+26,1.4779458455166549e+26,-2.3939605717868728e+26,1.0168364229362386e+26,2.1829724640744404e+26,8.471030624701519e+25,8.159057530457867e+26,-6.191264208453255e+26,-2.16465931287425e+26,-3.1034732792494594e+26,2.8954765632234065e+26,5.14114783205779e+26,-1.2183714253102652e+27,2.3422233418861847e+26,1.694415553626165e+26,-7.086856119108234e+25,-7.861986022466023e+25,9.688872884094509e+26,5.891258663864993e+26,5.929671491097153e+26,3.031516772403938e+26,-4.048916618867307e+26,1.1437544976138551e+27,1.0748626929773836e+27,1.0572509368795036e+27,7.490661396685413e+26,1.2586308034143947e+27,1.0050810750796705e+27,1.0526366183507785e+27,7.717222763440598e+26,9.476882746445098e+26,5.173127128551552e+26,-1.6415467396079845e+26,3.0910168042851318e+26,-2.8644968703277395e+26,-1.3145658206550337e+27,-5.212656455026883e+26,-1.8307588482284071e+27,-1.6190210977649095e+27,-1.1232251561459972e+27,-3.0262599954024187e+26,1.615130193281496e+26,-7.196320535104403e+26,-1.023313824343765e+26,-3.985476608720674e+26,-1.520097464571797e+27,1.1196773538919181e+27,1.8227478695453273e+27,-2.2278839928326926e+26,6.1311527244536815e+26,6.213494900541393e+26,-1.1642799911169203e+27,6.776956049303121e+26,-6.49457744977141e+26,-2.143698282617749e+26,2.2998924409148712e+27,4.208986206585265e+26,1.1412793308735219e+27,8.89001477007858e+26,1.4469266522897284e+27,6.630350824060415e+26,-4.8985183282419694e+27,-2.0083618781232948e+26,-7.697189969261967e+26,-1.5079482576463131e+26,-8.101686808474858e+26,2.617498535016814e+27,-2.9043936474559736e+27,1.7547040472890784e+27,-2.4202221426438613e+27,-8.30446703889906e+26,-1.5517642328530767e+27,-5.352306359451042e+25,-8.4127681549173e+26,4.228296408842921e+26,-1.17552417382508e+27,1.1111902976868543e+27,1.3524451298333807e+27,4.002036045312229e+26,-1.4470905009538103e+27,2.9841383711292626e+27,4.361403852839245e+27,-3.136774424176286e+27,-1.743081793872887e+27,-1.145873765809611e+27,-1.2356611211856874e+27,-1.5718161427077294e+27,1.954314618321841e+27
2.521274488274418e+26,9.255559331633706e+26,-1.2624782466853323e+26,-1.629940193724791e+26,-1.5852576546201163e+26,-1.8487558424746838e+26,-2.8046995715421674e+26,-1.707482347101548e+26,-1.1138302131319483e+26,-1.3600866313996782e+26,-3.0664916366308135e+26,-7.583802384862887e+26,-7.413838082710084e+26,-1.842380798738291e+26,-5.383291009736944e+25,-1.0686633159526167e+26,-1.054035303977964e+26,-3.6251742055263168e+25,1.3582761239076078e+25,5.160644755975038e+25,1.9900104518111082e+26,1.2609643510847155e+26,5.452579554054786e+25,-1.566666258588746e+26,-5.477865942282844e+26,-1.559819055232492e+25,-8.98258960315266e+26,3.763246060385992e+26,-6.498152270435739e+25,-5.721073859401017e+25,-2.1195850771816684e+25,-6.9850934878239275e+25,-6.0995798036801935e+25,-1.8759917447895323e+26,5.311461070103958e+25,-7.751690227503e+26,-5.372758124478055e+26,3.265559975476511e+26,-1.3078868658093285e+26,3.5780994719725025e+26,-1.4116998893386524e+27,2.0335960306699923e+26,-1.591856044613753e+26,-1.1494862721072147e+26,-2.690000692326611e+26,7.062362061292167e+26,3.0297651948909708e+26,2.0550829940066116e+26,4.56945107494741e+25,-2.725038935752969e+26,1.1778212894382308e+27,1.3076395923946845e+27,7.428456684867642e+26,2.5998912327190338e+26,1.0050810750796705e+27,1.275275149259228e+27,8.867001160963747e+26,4.532423042028265e+26,8.925442600214859e+26,1.0798441252727029e+27,1.2504902011878041e+26,7.053783936306653e+26,2.182473366299126e+26,-7.484724102006099e+26,-1.9790379399296602e+26,-1.7008619131167008e+27,-1.6678606494795525e+27,-4.574934244462332e+26,4.992528143512925e+25,4.621155674630363e+26,-7.11246823816995e+26,-3.170993860171555e+26,-3.3390829256610944e+26,-1.5867480304805568e+27,8.38560888506348e+26,2.0903266544056803e+27,7.069249547811636e+26,2.455270994492833e+24,-2.815883528463828e+26,-1.646606175419869e+27,-9.88127660688731e+25,-1.0559367150236961e+27,-9.407387686140057e+26,1.4364044499924933e+27,-2.555757630501565e+26,2.263637682130606e+26,-1.1060889259720825e+26,2.4569794473441024e+26,1.5280115770087084e+26,-3.6051243955520837e+27,-3.276645396857267e+26,-7.018197582339742e+26,-3.3207680331311555e+26,-7.437356690327551e+26,2.4663526593243402e+27,-3.1404913874024204e+27,1.690918352809633e+27,-2.6094570686762566e+27,-9.4626291106217e+26,-1.6133648964710697e+27,1.4167830365770435e+26,-7.820571554607016e+26,6.460146118331187e+26,-1.2879407196247444e+27,1.4120880367341082e+27,1.6694273457923272e+27,4.076198362128696e+26,-1.3112475753113112e+27,3.302642509563579e+27,4.773667631806666e+27,-3.2584321452366854e+27,-1.8839071295616207e+27,-1.3533307358477496e+27,-1.5174649707797759e+27,-1.938335180924303e+27,2.3248571881539703e+27
2.3676377661530673e+26,9.814133492300738e+26,2.9256658375889657e+25,7.5776097817779505e+25,6.85754396307793e+24,1.8439629699592625e+25,-9.314688256770045e+25,-2.132668957016197e+25,5.794882308255408e+25,1.4720043631352683e+25,-2.004729302358062e+26,-3.7995289823320895e+26,-3.2798402037829473e+26,1.4020892351663964e+25,1.330415785027464e+26,6.396978483335475e+25,6.9355759119367306e+25,9.003010073226361e+25,8.957739037780116e+25,8.789137822544058e+25,2.2565470486090957e+26,-4.375708147551358e+25,-9.294740302934687e+25,-2.649986933365963e+26,-5.943556727735365e+26,-1.485738923868147e+26,-7.91786129060927e+26,1.6570045524005893e+26,1.953855807368387e+26,9.465090503149112e+25,-1.0218721894348263e+26,-4.4870988721019145e+25,7.660838033574078e+25,-2.760808279164713e+25,3.23100844190251e+26,-4.408243479306377e+26,-2.1340491329712476e+25,1.686135805183882e+26,1.7233567003797927e+26,3.7375190000305116e+26,-9.64092500587705e+26,1.8122117916772695e+26,8.850151937695014e+25,-6.488495738414666e+25,-1.0522201691057567e+26,7.211187751435435e+26,4.4118213630428754e+26,4.450617824225235e+26,2.102568119174424e+26,-2.776776888561973e+26,8.57292584347985e+26,8.398172699717501e+26,8.538860262828814e+26,5.8650551335349776e+26,1.0526366183507785e+27,8.867001160963747e+26,9.334920940440531e+26,6.655949938006734e+26,8.942191043406909e+26,6.698954285473462e+26,1.686767001782678e+25,3.738826676550593e+26,-2.3767843847255432e+26,-9.446612366094837e+26,-2.1353254303152344e+26,-1.4745122103904337e+27,-1.4357743497809474e+27,-8.86787682593707e+26,-2.0941189005397688e+26,2.065599824480961e+26,-6.539368303620613e+26,-1.3189166784225757e+26,-3.3635186851672386e+26,-1.343556212975901e+27,7.775253280259236e+26,1.4518436938995808e+27,2.490896785857469e+26,4.183523855276831e+26,1.7361307519087145e+26,-1.1473451056746728e+27,3.247669869622431e+26,-6.317924830601274e+26,-2.082787398536664e+26,1.6570966023614955e+27,2.51621211133519e+26,7.916579625887876e+26,5.794988398185333e+26,9.79378602352154e+26,7.170327586959602e+26,-3.7498180738101554e+27,-9.527711860283247e+25,-6.8092791772826e+26,-6.686106391370426e+25,-7.068323988020723e+26,1.6807333859475567e+27,-2.4130261078020165e+27,1.0533821447171496e+27,-2.0575156670167846e+27,-5.361068764324618e+26,-1.3275260150910485e+27,-1.2127658560714098e+26,-7.359062589517149e+26,2.281200750482132e+26,-9.802051158092897e+26,7.686016340102243e+26,1.0530596969531858e+27,1.050143779532715e+26,-1.2342197135958732e+27,2.265013708013411e+27,3.3223622259569277e+27,-2.3636827997051456e+27,-1.3239918403994825e+27,-8.722883403010936e+26,-9.44532389652309e+26,-1.1954654652787035e+27,1.4828699405943875e+27
1.9202990780775324e+26,8.537168183055376e+26,9.591011281746047e+25,1.836161172240008e+26,8.456892813869443e+25,1.2255909317964244e+26,5.861464389512856e+24,4.507892245861621e+25,1.2155854393922553e+26,8.124617421871372e+25,-1.0176637050757662e+26,-1.337146086337749e+26,-8.65849697188171e+25,8.952032603371417e+25,1.9171887971838456e+26,1.1699882691636202e+26,1.0579420902093915e+26,1.163890944421498e+26,1.0146752716838183e+26,7.139158746908367e+25,1.4825146522635369e+26,-1.2858176034004813e+26,-1.595447584136106e+26,-2.7782131136199636e+26,-5.315178204757966e+26,-2.1224460641360965e+26,-6.29235426253371e+26,8.03993373924385e+25,2.7530551935503838e+26,1.5236127391548994e+26,-1.3756957367459464e+26,-9.321782376827884e+24,1.432151047163434e+26,6.182953714280885e+25,4.419336212154035e+26,-1.8654373387434553e+26,1.8045509742381374e+26,-1.4717444398070747e+25,2.8918955178248354e+26,3.0808839637495222e+26,-5.6051787606786174e+26,1.2288464508780942e+26,2.0652470780730032e+26,-1.2110181276086337e+25,2.6522706930814225e+25,5.422857210448908e+26,3.978206159515375e+26,4.6267452737310394e+26,2.549777463265343e+26,-2.082138246578149e+26,5.013026750524377e+26,4.277496926284344e+26,6.669446633186893e+26,6.162166555597987e+26,7.717222763440598e+26,4.532423042028265e+26,6.655949938006734e+26,5.792307566967374e+26,6.07746288587347e+26,2.9503161363655294e+26,-4.407330072044408e+25,1.0825313836434594e+26,-3.799061105414335e+26,-8.28959354864422e+26,-2.062751774028958e+26,-1.0373079106978099e+27,-1.0042384909939856e+27,-8.904255181340784e+26,-3.0755974940630122e+26,3.698493014944157e+24,-4.768052781757667e+26,2.315710078531856e+25,-2.650949573872422e+26,-9.580426337654001e+26,5.74649867305956e+26,8.179450413509954e+26,-9.53386007810379e+25,5.5891267991766485e+26,4.016792996135136e+26,-6.297056847028981e+26,4.9830104211563604e+26,-2.7157943842729545e+26,1.7879450323270358e+26,1.4061317814937866e+27,4.523721864694916e+26,9.162875375901401e+26,8.164562896055679e+26,1.141171968626954e+27,8.145718167255921e+26,-2.959979197807519e+27,8.650787511576664e+24,-5.037251081644736e+26,4.372888364659255e+25,-5.1896088679824814e+26,1.0888148116499455e+27,-1.6119234879162348e+27,6.330922833305055e+26,-1.3728649306979293e+27,-2.8461805466219748e+26,-8.96376164812287e+26,-1.9785717778670005e+26,-5.4722451223454596e+26,2.4151440578074427e+25,-6.449973747213983e+26,3.6880055224965e+26,5.9135156789550696e+26,-1.43810967655359e+25,-9.720800277915961e+26,1.4011352417068123e+27,2.0234310472739604e+27,-1.5063486143653503e+27,-8.253032313129572e+26,-4.9897741098191025e+26,-5.191983012609934e+26,-6.517298998386697e+26,8.47347873753693e+26
1.7333964265967088e+26,7.459508592605423e+26,-1.247910687316957e+25,5.345269261892033e+24,-4.6254725574913736e+25,-7.880985280198216e+25,-7.3243124126384325e+25,-2.5890587668619143e+25,2.4381696980439507e+25,-2.0387708006536884e+25,-1.3994306553779073e+26,-3.155494545645473e+26,-2.770458331675605e+26,5.691983975965842e+24,9.82140078794983e+25,6.229176882327804e+25,1.5345631939526897e+26,1.1907350682384816e+26,1.0297202453912832e+26,1.721506329148824e+26,4.617644030808025e+26,1.1959394015742941e+26,5.189544148844235e+25,-1.5144307012102324e+26,-3.238310493209543e+26,1.2070685180475438e+26,-5.1609554089394634e+26,-1.1411817422321953e+26,1.5597225425193226e+26,4.295150671293975e+25,9.170726886656363e+24,-1.691782517833054e+26,-2.9259381110308197e+25,-1.2611050530528868e+26,-6.6834826400208e+25,-3.619357197115236e+26,7.78556558574379e+25,6.279254145516512e+26,6.757099081893313e+25,2.984815979111079e+26,-8.91612985908462e+26,1.513931955694311e+26,2.234230496921986e+25,-5.893027476979754e+25,-1.2393645526545784e+26,5.652360607428267e+26,3.410789418570927e+26,3.450194975251623e+26,1.4791087344751466e+26,-1.925900487175645e+26,7.096426546010223e+26,7.458593654519059e+26,7.300205223624253e+26,4.8718938760942194e+26,9.476882746445098e+26,8.925442600214859e+26,8.942191043406909e+26,6.07746288587347e+26,9.344084802593162e+26,9.293931328958446e+26,2.528793217026195e+26,5.504861275672181e+26,-1.8612282420822937e+26,-6.915678783896817e+26,1.047275635703659e+26,-1.3844396447337776e+27,-1.5176972089978405e+27,-7.585014983402915e+26,-1.4833417744025677e+26,2.790376094753612e+26,-6.993182318623955e+26,-1.5633762349428722e+26,-3.0679298601039263e+26,-1.3818222017627955e+27,5.7337561280927166e+26,1.314638431137104e+27,7.457381640439422e+26,2.889103850816785e+26,-2.0153784423015156e+26,-1.295259197037303e+27,5.520418906467652e+25,-6.928851114070184e+26,-2.801045333220824e+26,1.2742646790206217e+27,9.873020769662112e+25,5.6021172848425765e+26,3.3484805239085546e+26,6.55620650361421e+26,7.640931927161465e+26,-3.15013080015535e+27,-8.664398163104348e+24,-7.332832078347037e+26,5.257980863429631e+24,-7.526930326394295e+26,1.1221617234722965e+27,-2.3960477213805763e+27,5.91094619617851e+26,-2.0962153556978733e+27,-3.401505794114497e+26,-1.3730006888934276e+27,-2.0011891707029913e+26,-7.872468450593449e+26,8.475136994876492e+25,-1.0009083034966022e+27,5.962247734327938e+26,9.945565087335867e+26,-1.3325421446613458e+26,-1.2519116273370917e+27,2.0267954316368717e+27,2.961674715794127e+27,-2.0537302922778405e+27,-1.1558824794836878e+27,-7.670079985405749e+26,-8.472739365277473e+26,-1.0767167810184909e+27,1.3348008764912427e+27
3.513124924801563e+26,2.6086564179439044e+26,-6.393640574417354e+26,-8.807081125525581e+26,-6.627000957816756e+26,-8.719707608398494e+26,-2.227140565201406e+26,-2.1572803314332933e+26,-2.4397514299042577e+26,-3.6307968229753946e+26,-1.4796198334670454e+26,-4.9244160874028154e+26,-4.5368832770817105e+26,-1.5825721916747497e+26,-8.074662323491629e+25,2.267555690376065e+25,6.837353599925591e+26,3.4209807061374875e+26,2.5381670593634294e+26,8.346339439131186e+26,2.286388288218565e+27,1.288296204337032e+27,1.0373131154721373e+27,3.491685994144314e+26,9.09222765549772e+26,1.7790916364448401e+27,4.3741237712078874e+26,-1.6710326605483325e+27,-1.381376297997436e+25,-3.0688997624627108e+26,6.82004132157892e+26,-1.0987073989081841e+27,-7.032411499492945e+26,-1.1044443238230537e+27,-2.930708737041342e+27,-6.757024238640717e+26,7.627619663559022e+26,4.132939046795305e+27,-5.721098433187427e+26,3.0218202502402232e+26,-1.248809640544569e+27,3.373439828513119e+26,-9.287316696747887e+26,-3.1538335234317097e+26,-5.033842609483819e+26,-3.773203790314532e+23,-1.1438325920921796e+26,-1.2817694858358673e+26,-1.6140539699672762e+26,-1.0749859360966378e+25,5.4353427079327715e+26,9.429039268249451e+26,2.1554108653632626e+26,-1.3611906732143004e+26,5.173127128551552e+26,1.0798441252727029e+27,6.698954285473462e+26,2.9503161363655294e+26,9.293931328958446e+26,3.219386900566457e+27,1.6492788098616969e+27,1.4386164800736315e+27,4.425993654188439e+26,9.561688279846098e+26,1.9355820659905818e+27,-8.839447704920712e+26,-1.8267611925158517e+27,2.306245753361578e+26,4.620160163391901e+26,7.642403029625655e+26,-6.904445872500757e+26,-5.721480349679436e+26,-7.709824804239354e+26,-2.415131719457201e+27,5.982555785371327e+24,1.6229008008178834e+27,4.668965395650018e+27,-6.994808958108807e+26,-2.9667841018976473e+27,-3.0099972044173044e+27,-1.7806943235464992e+27,-2.1334599126698118e+27,-1.354971193526172e+27,-9.0901402605091e+26,-8.627023461555918e+26,-1.1667416186909543e+27,-9.71970633793104e+26,-1.879653813477639e+27,1.853741307692367e+27,-1.007778936271549e+27,1.787303290530076e+26,-5.929105757149614e+26,6.340626165706e+25,-6.877288116214574e+26,-1.6551793156975767e+27,-2.937801205581417e+27,-1.3906009618552527e+27,-2.5993006389970205e+27,4.127515161473954e+25,-1.4548952379661406e+27,-5.948573382840409e+26,-7.35582026544083e+26,-2.796829989670289e+26,-1.1196460725558989e+27,2.5632078358995525e+26,9.569140761045313e+26,-1.6603691864753256e+27,-1.6067656666448145e+27,1.3234648994136167e+27,2.2119298106414803e+27,-1.3522285427877145e+27,-1.0599243994099073e+27,-9.966989303086561e+26,-1.0992687593870972e+27,-1.1386815944371409e+27,1.1072510498800472e+27
1.2129182212744329e+26,-3.230722593781382e+26,-2.8602493287115318e+26,-4.393924224773832e+26,-2.9007045922140302e+26,-4.29386097678643e+26,-9.969153668034632e+25,-1.1822111704642261e+26,-2.0253769155304563e+26,-2.1848504632459187e+26,-5.626475360208623e+25,-7.531566092926679e+25,-4.7499827208003526e+25,-1.0860649091867619e+26,-2.0487196169590367e+26,-5.772558187691912e+25,3.542291465679539e+26,8.633865957454417e+25,1.7319060278657032e+25,3.760669385612507e+26,1.2519361011231625e+27,9.590770059784159e+26,8.272038576092642e+26,6.552230507907463e+26,1.6624468814186113e+27,1.5989181048153705e+27,1.551729240987737e+27,-1.4140873581331855e+27,-2.2778103790157443e+26,-2.9825236510421205e+26,5.305770889817809e+26,-5.8536290504554426e+26,-4.221641243753249e+26,-5.0418273103565744e+26,-1.9814788618019747e+27,-1.9669925118726252e+26,4.601377585295308e+26,2.5636806484567356e+27,-4.908331839302486e+26,1.343961404652757e+26,-5.142299970803596e+26,1.842250373645074e+26,-4.9877451009184814e+26,-1.745627988112278e+26,-3.1592331859226956e+26,-2.247801359657103e+26,-1.8184206789021077e+26,-2.3457026375702863e+26,-1.5751501393650978e+26,2.9461266214999255e+25,-9.359968878481253e+25,3.908899742194529e+25,-2.1289653783832268e+26,-3.297048166041408e+26,-1.6415467396079845e+26,1.2504902011878041e+26,1.686767001782678e+25,-4.407330072044408e+25,2.528793217026195e+26,1.6492788098616969e+27,1.6084469069708675e+27,1.0322720867616652e+27,4.24390896336016e+26,1.9326143679410187e+27,2.078354806558147e+27,9.163283661191093e+26,-6.402621724862069e+26,6.0819138369095596e+26,4.5161272406633264e+26,5.70407824646247e+26,-3.25381991456461e+26,-3.765203833724091e+26,-4.5246107726635925e+26,-1.2558763643395666e+27,-2.5889381788277593e+26,-5.844395822305796e+25,3.168577951950008e+27,-6.702628070658022e+26,-1.7816846615200533e+27,-1.882715562218153e+27,-1.150229801053043e+27,-1.3502585192714526e+27,-6.0503021984312556e+26,-1.4858707407323207e+27,-6.940737446479605e+26,-1.2298414453426069e+27,-9.828351439421268e+26,-1.9920535659921877e+27,2.944423993983513e+26,2.1800936793113628e+27,4.482327370170469e+26,-5.5044332316564125e+25,4.222047315281733e+26,1.6067803088667438e+25,-2.86769639671715e+27,-5.209844602530258e+26,-2.3576177626936514e+27,-4.7611898044656235e+26,1.0631209620678803e+27,-1.997417505581472e+25,-4.8705744973097325e+26,-7.2633908191109335e+25,-8.827343625163627e+26,1.388294006956054e+26,-1.1510487546725447e+27,-6.260584840693678e+26,-1.4841649996636005e+27,-4.667934720442745e+26,-1.148690250325292e+27,-1.195790806718688e+27,1.5673151738143083e+27,1.1877689136832842e+27,8.701466810787166e+26,8.055695206259013e+26,9.001919922645504e+26,-9.88913977507849e+26
9.297435005842653e+25,4.895594680119385e+25,-1.9538106034089474e+26,-3.1573847341078565e+26,-2.398442534418114e+26,-3.9298656732458874e+26,-1.7253212585572673e+26,-1.543239620360308e+26,-2.3011215250198e+26,-2.2716280436369162e+26,-1.2605517283113058e+26,-3.601052947933461e+26,-3.5946651584344455e+26,-1.855140602976194e+26,-2.4183997498700166e+26,-1.3445535653993708e+26,1.2675594715369889e+26,-6.816546284166526e+24,-1.9811026161109763e+25,2.5004672814137025e+26,7.728246845304411e+26,7.33885466218062e+26,6.35120093221443e+26,4.5539510435438736e+26,8.878436279770605e+26,1.0552014622859973e+27,6.54461476086675e+26,-7.04987637554343e+26,-3.002100889132838e+26,-2.8638896677032423e+26,4.082388226239682e+26,-4.1306741153165845e+26,-3.61653955170961e+26,-3.883080926826331e+26,-1.2543517078350494e+27,-4.1437884660755923e+26,-1.629418133280109e+26,1.6313459707627418e+27,-5.0312051811919134e+26,1.9331593287511908e+26,-1.0489635365842115e+27,1.6839073558606553e+26,-3.343572812976026e+26,-1.2912805094535941e+26,-3.206819567284561e+26,1.3228274107807435e+26,-2.8898475218778595e+24,-1.0379826048787548e+26,-1.0280988942040712e+26,-5.239646889421923e+25,4.132832705090279e+26,5.749207053648807e+26,1.5634470970337996e+26,-1.5281075510942846e+26,3.0910168042851318e+26,7.053783936306653e+26,3.738826676550593e+26,1.0825313836434594e+26,5.504861275672181e+26,1.4386164800736315e+27,1.0322720867616652e+27,1.0819832145639715e+27,5.23053774264494e+26,8.687753416337487e+26,1.1684717519427353e+27,-3.548664277006099e+26,-1.3447828878018186e+27,2.4260224052711867e+26,3.227185394700684e+26,6.399699369200877e+26,-6.236644472740907e+26,-3.8688250911072786e+26,-3.3621961813170805e+26,-1.51770168809967e+27,1.2990044734286895e+26,8.78430726604061e+26,2.1639258036714055e+27,-4.644251662212518e+26,-1.3847777759284344e+27,-1.9659599790675433e+27,-9.074061400568269e+26,-1.3009267244712913e+27,-9.229736039217112e+26,-2.9920198863502187e+26,-7.505044598925246e+26,-7.245480903468607e+26,-9.750099054625064e+26,-1.2187613989094262e+27,-1.3208948114244318e+26,5.4456071924425285e+25,1.1161341263589915e+26,-4.739381817800405e+26,6.542165319949238e+25,-4.4130604519815006e+26,-3.9773397825168416e+26,-2.08684586805877e+27,-5.9421484421755176e+26,-1.7748210285699556e+27,2.1035913760999442e+26,-9.742187385724988e+26,-1.5503638213529432e+26,-5.271581023477923e+26,-1.6453026186648153e+26,-7.148145219167642e+26,1.3128576459259513e+26,6.80101193838582e+26,-6.0195868115572844e+26,-9.543254871442866e+26,1.2370788111762361e+27,1.883124282128912e+27,-7.520306951333769e+26,-2.6315000655522957e+26,-1.9281963352002072e+26,-3.619169643928686e+26,-5.926093948319575e+26,7.912784857582661e+26
-6.877754276486364e+25,-5.392304570327855e+26,-1.6429153037963384e+26,-3.590007948706573e+26,-2.234068367943189e+26,-4.243634140173661e+26,-2.5383371051325892e+26,-2.4335133722090898e+26,-4.2578337072315734e+26,-3.398528701460423e+26,-1.4755353397220926e+26,-3.8536278587402076e+26,-4.2105972101992494e+26,-3.597738954739989e+26,-5.74863657450512e+26,-3.6910057698615455e+26,-2.551281239482368e+26,-2.9208278274279708e+26,-2.4225427235814578e+26,-4.691382871109517e+25,-4.457211250630521e+25,6.226620411523533e+26,6.522607873301896e+26,7.437276038885133e+26,1.0677383545046309e+27,7.645032266910745e+26,9.273346582763438e+26,-8.242071602586775e+25,-7.967463728141559e+26,-5.158204066083763e+26,4.9226215675682156e+26,-1.4489538263291884e+26,-4.371048136706426e+26,-2.3682386294584517e+26,-9.62259933833319e+26,-4.229946369136538e+26,-8.966545524839814e+26,5.1128821758587426e+26,-9.012980514504273e+26,5.375935111969854e+25,-9.985106393074849e+26,1.2223157632230251e+26,-4.011615160697035e+26,-1.3582867685353249e+26,-4.16220517844104e+26,-1.0540511424436926e+26,-2.0676714734398387e+26,-4.239656982713855e+26,-2.767584045062528e+26,7.167644119827166e+23,1.8519055723938804e+26,3.1235086498669126e+26,-2.8559452401078818e+26,-6.564654941368728e+26,-2.8644968703277395e+26,2.182473366299126e+26,-2.3767843847255432e+26,-3.799061105414335e+26,-1.8612282420822937e+26,4.425993654188439e+26,4.24390896336016e+26,5.23053774264494e+26,1.0089268922380052e+27,1.3590420546932274e+27,5.9067126725381884e+26,6.379807844017163e+26,-2.3681164571457238e+26,1.0442479964735593e+27,5.7161280353416135e+26,6.074776257089222e+26,-1.331019018165767e+26,-4.758890605818311e+26,-1.0821496372474148e+26,-6.26710098222033e+26,-7.96796850559001e+25,3.004885827657206e+26,1.1030466097673196e+27,-9.1941583627903e+26,-1.3004314956624646e+27,-1.2892875486975413e+27,-1.1578699184040947e+27,-1.1485248282274786e+27,-1.2950073658393585e+27,-1.0886654670102961e+27,-1.349767034204219e+27,-1.4301939717899637e+27,-1.9508992829863976e+27,-2.1357176604838718e+27,-1.825311987455174e+27,2.632506357388179e+27,-2.018026555969667e+26,2.2152256592768258e+26,-3.0334126461870224e+26,2.967733565102428e+26,1.937672182680202e+26,-8.83815668395793e+26,-3.1239208593171154e+24,-4.948929022149205e+26,-1.0168731625510997e+25,2.5298548521099963e+25,4.9438360328839413e+26,2.0926320503943204e+26,3.881635814225635e+26,-1.2385680079236555e+26,5.07108133639505e+26,5.8873306988377985e+26,2.5639806979787595e+26,7.514866336236961e+25,9.714445358548008e+26,1.2125146414261053e+27,-2.517738080562863e+24,1.7588971677326054e+26,4.1564976511716686e+24,-2.2274149498531747e+26,-5.219355109091549e+26,7.151792112698731e+26
-1.7155967495067863e+26,-1.9145051280616575e+27,-3.197478001398774e+26,-7.24253199236015e+26,-3.669704165843658e+26,-7.304588338985078e+26,-2.018986422333752e+26,-2.7830789362759685e+26,-6.348053645700952e+26,-5.232402767666574e+26,-7.653522896031531e+25,1.034020832382034e+26,1.2044103826048774e+26,-3.7108755416985816e+26,-9.059950216918581e+26,-4.092381485697418e+26,1.184272335706225e+26,-2.7923330667676006e+26,-3.5131253931533344e+26,1.215252375664977e+26,8.129576251369296e+26,1.3049513345018032e+27,1.377209536517944e+27,1.7375759766790664e+27,3.5823460875758006e+27,2.266611198141413e+27,3.811044545584877e+27,-1.6303042739652515e+27,-1.2266450576844847e+27,-9.047473110330574e+26,1.1074420833143012e+27,-5.070401676684747e+26,-8.757450715209757e+26,-4.8825978385756585e+26,-2.974654113509631e+27,-1.1591604257036933e+26,-1.0449041573799665e+26,2.5816086530917026e+27,-1.5189880635947317e+27,-2.9458517275177766e+25,-5.374962611863819e+26,2.4663549173484763e+26,-8.918946528426994e+26,-3.1949595675730495e+26,-7.34916169792664e+26,-8.548849569180926e+26,-6.556389365329804e+26,-9.507668447129035e+26,-5.730678578942726e+26,1.5112644557917686e+26,-8.230094359721907e+26,-7.340357110035443e+26,-1.126888503533855e+27,-1.4187845134441332e+27,-1.3145658206550337e+27,-7.484724102006099e+26,-9.446612366094837e+26,-8.28959354864422e+26,-6.915678783896817e+26,9.561688279846098e+26,1.9326143679410187e+27,8.687753416337487e+26,1.3590420546932274e+27,4.6949097250309507e+27,2.903794313942486e+27,4.1709702628481145e+27,1.0630654215673623e+27,2.4434938791488215e+27,1.229401907195454e+27,9.934422775506887e+26,2.595240167494385e+26,-8.349550140821429e+26,-3.932334073455755e+26,-4.778800925489542e+26,-9.797266351709995e+26,-1.726313550043304e+27,3.779030757083201e+27,-1.9764225218431825e+27,-2.833620437637436e+27,-2.0936668152978846e+27,-2.3989167628638034e+27,-2.0349141125853387e+27,-1.3072732295964626e+27,-4.317402020220051e+27,-2.1617598041840282e+27,-3.4513936344706564e+27,-3.372913209340805e+27,-5.234781971663999e+27,-2.4547352596386e+27,9.370054969601827e+27,4.552710993928029e+26,1.2471909564296113e+27,3.549665241345205e+26,1.5962137476391617e+27,-5.299301784656003e+27,2.2206343826283403e+27,-4.1362816424092526e+27,2.2315986851168733e+27,2.1547296287062698e+27,2.3136253082825113e+27,1.9630432999175096e+26,1.393791807013142e+27,-1.0676481864599251e+27,1.9687383759953746e+27,-2.3551587405389018e+27,-2.289164484951463e+27,-1.4066318503988508e+27,1.3286997288317865e+27,-4.038469540248553e+27,-5.244255520601512e+27,5.732334909307205e+27,4.1465184111915423e+27,2.993217759491906e+27,2.8315121489905715e+27,2.992250830536053e+27,-3.213376629433767e+27
1.1177223026321646e+25,-1.0035675574871581e+27,-3.124428766730228e+26,-5.586959057836324e+26,-3.331832510947466e+26,-5.806787454162449e+26,-3.5128729123551933e+25,-1.0840940625844095e+26,-2.9563896367869192e+26,-2.9381587432199596e+26,1.4403828392351668e+25,2.1219648735594485e+26,2.6360580227623336e+26,-9.090874211955043e+25,-3.63772537967197e+26,-6.010511633949223e+25,5.9707817972785505e+26,1.230358717383398e+26,-1.8462843481223163e+25,5.3232854270525794e+26,1.7453531927346718e+27,1.4596598705029607e+27,1.3118684535325534e+27,1.2072621840925365e+27,2.835187860699476e+27,2.4820184155743986e+27,2.877073488979354e+27,-2.3293673883605504e+27,-4.2795045478214324e+26,-4.922142183985023e+26,8.966679800067803e+26,-8.39454413431093e+26,-6.650763980094891e+26,-6.1475757588224435e+26,-2.9770017307238245e+27,1.8616936677490736e+24,8.09783274035304e+26,3.620432233754712e+27,-8.077965488777903e+26,7.3069588130890724e+25,-3.404615459386822e+26,2.186391924134313e+26,-6.578834744585825e+26,-2.340009864292762e+26,-4.256488089598203e+26,-5.46612716647209e+26,-3.577106080095513e+26,-4.2587412953513464e+26,-2.676502968735942e+26,1.200707309875915e+26,-5.745911590507089e+26,-4.6019034929734696e+26,-5.201673917369487e+26,-5.869091416512979e+26,-5.212656455026883e+26,-1.9790379399296602e+26,-2.1353254303152344e+26,-2.062751774028958e+26,1.047275635703659e+26,1.9355820659905818e+27,2.078354806558147e+27,1.1684717519427353e+27,5.9067126725381884e+26,2.903794313942486e+27,2.995784124107353e+27,1.7202058626355747e+27,-3.9559422764140834e+26,1.0500738558830622e+27,6.296898037978847e+26,6.670620115146213e+26,-2.2704689753653257e+26,-4.854120992163491e+26,-4.803162839105082e+26,-1.1937716566128177e+27,-6.791207082464022e+26,-8.90413478547242e+26,4.265568660637572e+27,-1.022932242055461e+27,-2.622411904266628e+27,-2.117811834267862e+27,-1.7763284145789027e+27,-1.5980836602378792e+27,-5.9624156688723735e+26,-2.681018076501413e+27,-1.1075543359224739e+27,-1.9172799539885032e+27,-1.7015292295969064e+27,-3.056438221593813e+27,1.1826352908688952e+25,4.704919521496704e+27,8.92121943966052e+26,9.255588530399957e+25,8.47838905453114e+26,1.672524497498875e+26,-5.097307319513009e+27,2.2945326752837016e+26,-4.241665051699975e+27,9.610011220153445e+25,2.1044667210875572e+27,3.598481824204549e+26,-7.808040732746601e+26,8.442771205730611e+25,-1.6016886481732276e+27,4.653856475711627e+26,-2.1646370543087968e+27,-1.2859648787939172e+27,-2.2881050432647548e+27,-1.8033483058094295e+26,-2.6654878414059107e+27,-3.33939298115645e+27,3.4504443330783877e+27,2.3418074679350953e+27,1.6507120711418235e+27,1.6057163816879943e+27,1.8661306729986697e+27,-2.106058442770144e+27
-3.4714210991022407e+26,-2.295384330575633e+27,-5.050167408607117e+25,-2.9942831033269016e+26,-9.429141662259068e+24,-1.4172744788947293e+26,8.220808472872548e+25,-1.448484553714135e+25,-2.200958830963218e+26,-1.3737732422085112e+26,1.2358339994723957e+26,6.982459828577023e+26,7.187879546110214e+26,-2.0618717076582433e+25,-4.481647224083209e+26,-1.1478376374730144e+26,6.842349655819315e+25,-1.7096219072247664e+26,-2.5892445465706475e+26,-1.958133818179514e+26,-9.531591451297525e+25,1.5467677145801858e+26,3.670171371133906e+26,1.0545496991295928e+27,2.6247822890175604e+27,8.438260795571688e+26,3.3690845452889466e+27,-1.0104669062756118e+27,-6.515273838663236e+26,-3.974679318845556e+26,4.887254428298415e+26,3.011637306088477e+25,-3.5539589982027473e+26,5.263649439789421e+25,-1.5215775185130875e+27,5.917430677743715e+26,4.374640037156841e+26,6.416395474573326e+26,-6.874607289929375e+26,-3.781771949258039e+26,1.26460303214298e+27,-2.3516008072039565e+24,-4.742770092899681e+26,-1.5755403970800465e+26,-3.410180002524004e+26,-1.1187809423419908e+27,-7.126752493041892e+26,-9.133499678799733e+26,-4.9424763372577746e+26,2.436649892792141e+26,-1.5044214120076203e+27,-1.6299729793581786e+27,-1.431848839899592e+27,-1.3802987375885977e+27,-1.8307588482284071e+27,-1.7008619131167008e+27,-1.4745122103904337e+27,-1.0373079106978099e+27,-1.3844396447337776e+27,-8.839447704920712e+26,9.163283661191093e+26,-3.548664277006099e+26,6.379807844017163e+26,4.1709702628481145e+27,1.7202058626355747e+27,5.573463540954407e+27,3.299499778166236e+27,2.3928386703944405e+27,1.0019955888631935e+27,3.09810993808883e+26,1.1946445511632531e+27,-3.97807662223214e+26,1.034978717136722e+25,1.7758139384645016e+27,-1.3177828105521084e+27,-3.275929026456143e+27,1.3065302584505153e+27,-1.5678174920989827e+27,-9.027984704323175e+26,4.752375432045764e+26,-1.1604223959828145e+27,-3.296412017045564e+26,2.4394961986978207e+26,-4.4570069403599257e+27,-9.51004088412198e+26,-2.822390719318803e+27,-1.8953792357823783e+27,-4.060604842077665e+27,-2.0342198996696527e+27,1.037056406486889e+28,5.2824906707857856e+26,2.1739913914328462e+27,5.190974984004676e+26,2.6010270646653644e+27,-6.396317271684994e+27,6.307916904076548e+27,-4.4383789073274475e+27,5.633131192843059e+27,2.4690054554289217e+27,4.391267112142004e+27,2.0579695007129233e+26,2.4925896534209764e+27,-1.398995627425851e+27,3.78720610706575e+27,-3.653692952501464e+27,-4.440504155690525e+27,-1.1535379913029837e+27,3.10727127000917e+27,-7.593223750025785e+27,-9.915972598845997e+27,8.363190106802278e+27,5.70006562294202e+27,4.270609160500653e+27,4.4584686329663016e+27,5.154202379415378e+27,-5.814017958108437e+27
-3.375509927411255e+26,-1.6851478245660924e+27,-2.893455498447967e+25,-4.417511610547856e+25,1.2880494572115256e+26,3.4466142674415354e+26,2.6324135528015835e+26,1.9572469193947864e+26,2.717573509536971e+26,2.665011933672137e+26,2.9556996452640534e+26,7.921258320432094e+26,7.717905253461748e+26,2.6001978256541062e+26,2.5904481815496087e+26,1.8866451242534424e+26,-3.8738609043855186e+25,2.8524697552791157e+25,4.8162386307127004e+24,-2.996306818884222e+26,-6.793221776957237e+26,-8.005130805456489e+26,-6.799080500679759e+26,-2.8973832034484227e+26,6.7337039923217945e+25,-7.905316341119177e+26,7.054667479427249e+26,1.3258025238610033e+26,3.048085518829465e+26,3.1701891769568045e+26,-4.071266448532009e+26,4.198887598698669e+26,2.9089022833059933e+26,2.7920061490122108e+26,2.737984064337799e+26,8.956733664191501e+26,7.072788427307772e+26,-1.1179764118527004e+27,4.819625958826131e+26,-7.958642725118166e+26,2.8614434566481614e+27,-3.573695731659344e+26,-1.3924386305553988e+26,7.561965170997932e+25,2.43919019076761e+26,-1.0664032181396168e+27,-6.583319011313634e+26,-6.723590740720229e+26,-3.349408862720121e+26,3.4907010524970356e+26,-1.404596081332368e+27,-1.518423134180515e+27,-1.2608496373676532e+27,-9.514610760015046e+26,-1.6190210977649095e+27,-1.6678606494795525e+27,-1.4357743497809474e+27,-1.0042384909939856e+27,-1.5176972089978405e+27,-1.8267611925158517e+27,-6.402621724862069e+26,-1.3447828878018186e+27,-2.3681164571457238e+26,1.0630654215673623e+27,-3.9559422764140834e+26,3.299499778166236e+27,4.0682878253207623e+27,1.41966534502933e+27,3.870779248034093e+26,-6.327704500145089e+26,1.8489620030266375e+27,2.5589353875016997e+26,6.174000093246484e+26,3.750296572551503e+27,-1.1888870424012358e+27,-2.7753684973943436e+27,-1.4427341489308438e+27,-6.219131706605806e+26,1.0359035997096241e+27,3.363565759494057e+27,3.376756298985827e+26,1.8819853502091978e+27,1.3273408675719316e+27,-2.6403442102625454e+27,6.451525408556208e+26,-1.0325659712802697e+27,3.972975349119578e+26,-9.109856638107519e+26,-1.7533029974439405e+26,5.439346876341385e+27,1.9886623089052722e+26,1.8770786234055765e+27,2.6733906570973495e+26,1.9377089985673812e+27,-4.00353951833598e+27,7.260295100594583e+27,-2.0178624605340003e+27,6.00501580373006e+27,1.003188917251413e+27,3.7863568683661433e+27,4.752016171698164e+25,2.1331100023061814e+27,-6.933806708853836e+26,3.1797964620537075e+27,-2.431889659106433e+27,-3.6989736699800704e+27,-2.9096624401631984e+26,3.5026005123512244e+27,-6.8683768075752e+27,-8.934686327601565e+27,5.63582543874182e+27,3.1813242816111263e+27,2.2750738347800458e+27,2.757585576238064e+27,3.7354688111421467e+27,-4.7071274129959294e+27
-2.8599410522028682e+26,-1.6669886650189435e+27,-2.7860772301047178e+26,-5.748773531279158e+26,-2.968261257551191e+26,-5.0669219397862184e+26,-1.5773699487965172e+26,-2.024365650858639e+26,-4.0964026248267585e+26,-3.329168983864725e+26,8.149290094894589e+24,-1.7150315124266224e+25,-6.509032033910056e+25,-2.9107202110941157e+26,-5.705552270125874e+26,-3.092882901330614e+26,-1.1446603060344004e+26,-2.339647513706154e+26,-2.2488579970532847e+26,-1.3010146674355754e+25,1.398346277229286e+26,6.084513276016737e+26,6.673195604224717e+26,8.733978243925084e+26,1.6599251430392605e+27,9.53653167597292e+26,1.795030714016162e+27,-5.320386238044525e+26,-7.974652988034765e+26,-5.2246330917128755e+26,5.702381977603062e+26,-2.1288591749922094e+26,-5.54236755393929e+26,-3.27434931346791e+26,-1.6639816014665174e+27,-3.339639596336396e+25,-4.2415228219565436e+26,1.0005756993168944e+27,-9.719219005090996e+26,-3.430181154966604e+26,1.728790498782138e+26,-5.137472292889864e+24,-6.76267041408185e+26,-1.625692974374656e+26,-4.540553986277079e+26,-7.724212188335464e+26,-6.517529785100999e+26,-9.03126739297566e+26,-5.5522928373103206e+26,2.3269708868196794e+26,-5.680518110152763e+26,-4.011117038583062e+26,-1.0049038898054757e+27,-1.2802832072846186e+27,-1.1232251561459972e+27,-4.574934244462332e+26,-8.86787682593707e+26,-8.904255181340784e+26,-7.585014983402915e+26,2.306245753361578e+26,6.0819138369095596e+26,2.4260224052711867e+26,1.0442479964735593e+27,2.4434938791488215e+27,1.0500738558830622e+27,2.3928386703944405e+27,1.41966534502933e+27,1.9746667171034305e+27,9.16103259356425e+26,5.133859733516485e+26,6.06142150565236e+26,-5.1255044406940686e+26,1.0861617902399067e+26,7.831028082377054e+26,-8.600411797186547e+26,-1.016866622993804e+27,1.614314736946235e+27,-1.537682209647758e+27,-1.6827429680351416e+27,-3.406471025486015e+26,-1.6184280475614288e+27,-7.070683547711289e+26,-1.013092968648411e+27,-3.010791820137258e+27,-1.4763502178131373e+27,-2.4756978183916013e+27,-2.383952109598837e+27,-3.398360822928477e+27,-1.8893019400272896e+27,6.170906293380165e+27,-1.1698997784913963e+24,1.0378364130696147e+27,-1.0782027803244432e+26,1.1654568208600153e+27,-2.573793266793225e+27,2.275460725356347e+27,-1.7179958762260493e+27,2.083082509819761e+27,7.535020476291018e+26,1.703506693339472e+27,4.3276778661318136e+26,1.1435437577059532e+27,-1.1694864301535807e+26,1.3083449036022295e+27,-8.36610993662978e+26,-1.1631721480946241e+27,-2.8957601781662506e+26,1.5945210325876848e+27,-2.4425780593766386e+27,-3.2544966069654937e+27,3.0776576406630603e+27,1.933691616900646e+27,1.2220492364567138e+27,1.1788131120614922e+27,1.3361990417203467e+27,-1.616585469621997e+27
-2.362484417005194e+25,-5.589732044587813e+26,-2.00472209176048e+26,-3.5469915170197746e+26,-1.990892751689869e+26,-2.935709307968545e+26,-1.4607273028902034e+26,-1.3788785045024129e+26,-2.1651720764552074e+26,-1.9077914557353634e+26,-8.816580281715782e+25,-1.8708182811668845e+26,-1.938930138399725e+26,-1.7510611934411253e+26,-2.7438208020454233e+26,-1.6250434226030158e+26,-4.718426581854624e+25,-1.063470866531624e+26,-9.714291416883426e+25,2.8849898159514054e+25,2.0826718087419845e+26,3.644563458703529e+26,3.6649764754963756e+26,4.020966027466641e+26,7.83402292117877e+26,5.453994145512463e+26,7.7043593533037e+26,-2.763130747643217e+26,-3.774223193738402e+26,-2.6339798081481495e+26,2.7958473338748506e+26,-1.5106842666252402e+26,-2.8124831282062514e+26,-2.4098895235623024e+26,-9.387679733383963e+26,-2.2566306951755083e+26,-2.3461836644180276e+26,7.455792975524631e+26,-4.8201374278650954e+26,-4.65508636833163e+25,-2.5213840889407912e+26,7.892981435455346e+25,-4.180415639983981e+26,-1.3367428218660912e+26,-3.1282955150705754e+26,-1.8761873133531466e+26,-2.2521701209777878e+26,-3.78564283560212e+26,-2.4896189621619636e+26,2.2194723534159743e+25,1.0335395981157068e+25,1.0844011385737677e+26,-2.9631663749122974e+26,-5.795070053375369e+26,-3.0262599954024187e+26,4.992528143512925e+25,-2.0941189005397688e+26,-3.0755974940630122e+26,-1.4833417744025677e+26,4.620160163391901e+26,4.5161272406633264e+26,3.227185394700684e+26,5.7161280353416135e+26,1.229401907195454e+27,6.296898037978847e+26,1.0019955888631935e+27,3.870779248034093e+26,9.16103259356425e+26,5.251833464852603e+26,4.188109213324179e+26,1.6022590425412976e+26,-3.744247170528098e+26,-1.2054933285213588e+26,-7.054369327305067e+25,-1.9701624073544436e+26,-3.5414521764456175e+25,1.1925761535809676e+27,-8.004840949557635e+26,-9.469127383060665e+26,-6.963252180184523e+26,-8.361100815107913e+26,-7.368574444022138e+26,-6.911293694308093e+26,-1.2434327433841635e+27,-7.451486463246205e+26,-1.2468260140696853e+27,-1.142777930898187e+27,-1.7631681830241082e+27,-7.688052029240054e+26,2.3096886959276766e+27,-3.7128176064252815e+25,4.449677410142491e+26,-8.681328329159492e+25,5.147967259545279e+26,-1.0711666918944324e+27,5.690627028759663e+26,-6.911235103083338e+26,5.832572049192995e+26,2.5071708281963625e+26,6.378777879963952e+26,1.8517736153633745e+26,4.9060517813025715e+26,-1.5783775979365149e+25,5.260198514582978e+26,-2.98282516149101e+26,-4.3805748660301203e+26,-2.2326248643985093e+26,5.281905606571503e+26,-8.01739983253688e+26,-8.55265775265733e+26,1.0519093464478231e+27,7.306112380782077e+26,4.54084206990988e+26,4.1895140794468356e+26,4.575601240202297e+26,-5.545346239140577e+26
1.793372498747109e+25,-1.690749564220274e+26,-1.2320314104929824e+26,-2.5933199512377266e+26,-1.7277246748353856e+26,-3.3147382776437565e+26,-1.8479788530982625e+26,-1.6369432246157972e+26,-2.6693120285645965e+26,-2.3338582763268723e+26,-1.4799288840857988e+26,-3.40896715559281e+26,-3.434059918170551e+26,-2.1858537711603398e+26,-3.3388915178195265e+26,-1.9856142229509014e+26,-5.472453530239855e+25,-1.1890303810738341e+26,-1.052182520140546e+26,6.831120424597917e+25,2.6513322258212006e+26,4.854064309074212e+26,4.8034749626700496e+26,4.720047198335325e+26,7.630029299701678e+26,6.527414928942852e+26,6.436061865996753e+26,-2.6923337418182026e+26,-4.540392559043854e+26,-3.271393040203415e+26,3.643446578581958e+26,-2.1179574647175878e+26,-3.3257921848725325e+26,-2.3423851403076403e+26,-8.645670962867304e+26,-3.930215799628226e+26,-4.427020380098256e+26,8.224577277306146e+26,-5.832045369750174e+26,1.569401378119219e+26,-9.849681806608575e+26,1.592963555433478e+26,-2.939070229726749e+26,-1.3448292974267904e+26,-3.761178571806939e+26,1.3272389520950776e+26,-6.792271668273684e+24,-1.6733039251057318e+26,-1.4048572472819093e+26,-7.5068498711466835e+25,3.51297348675554e+26,4.449516586569335e+26,8.41161457901736e+25,-2.9423361778720808e+26,1.615130193281496e+26,4.621155674630363e+26,2.065599824480961e+26,3.698493014944157e+24,2.790376094753612e+26,7.642403029625655e+26,5.70407824646247e+26,6.399699369200877e+26,6.074776257089222e+26,9.934422775506887e+26,6.670620115146213e+26,3.09810993808883e+26,-6.327704500145089e+26,5.133859733516485e+26,4.188109213324179e+26,6.227463099575158e+26,-3.5893314326869674e+26,-4.536403475662004e+26,-2.7178049033370962e+26,-1.0305797918388129e+27,1.1667865789678303e+26,5.778754839084105e+26,1.3567295363429953e+27,-6.0641267063399295e+26,-1.0644667289312549e+27,-1.575866081429502e+27,-8.345561552728128e+26,-1.2043181867585172e+27,-9.319793206913298e+26,-4.845281884499401e+26,-8.72190968693762e+26,-9.246854670281309e+26,-1.2111554664671178e+27,-1.4730950635909865e+27,-8.511962889944916e+26,1.0508000484177965e+27,-6.926206272845372e+25,9.304192871694407e+24,-1.3419562039083764e+26,1.0759560971382482e+26,-5.844177042271578e+25,-1.1709421919132426e+27,-2.1563193033918202e+26,-8.307345307814536e+26,7.227194374780464e+25,-2.072474116725303e+26,1.95287651613203e+26,1.3156315110947433e+25,1.1728295629332736e+26,-1.5173481142976538e+26,2.003929825475313e+26,3.565251659232164e+26,-1.0581237260887045e+26,-3.090437651495457e+26,8.149713583675471e+26,1.2500952044677934e+27,-1.784935363629874e+26,1.2265130413756915e+26,6.22563835870089e+25,-8.875898402538327e+25,-3.024344314352713e+26,4.773610005864648e+26
-6.6987392909136484e+25,-6.1813450797735854e+26,-9.695248576721542e+25,-9.845793414640603e+25,2.700805580722133e+24,1.4171587109238292e+26,9.723562569085832e+25,7.727974064626575e+25,1.3964276753999472e+26,1.2360152983911435e+26,1.1209616673241514e+26,3.0023262804790022e+26,2.9654161450350576e+26,1.1500998714030602e+26,1.6173072035989896e+26,9.540352466368656e+25,-1.6118750724951793e+24,3.253407701387174e+25,2.6180275540503515e+25,-1.0292041697523384e+26,-2.1023850811612728e+26,-3.3085873384454936e+26,-3.088174978997974e+26,-2.129910123504998e+26,-1.2109889473271716e+26,-3.525374854117864e+26,9.60536133363847e+25,8.057135914502498e+25,2.0698909938688544e+26,1.7380300594664635e+26,-2.2628060826817535e+26,1.653600106345908e+26,1.5968356052622163e+26,5.055077992185638e+25,6.969113274519742e+25,3.306148838854693e+26,3.804235627027731e+26,-3.817618912643904e+26,2.8572224744234167e+26,-3.549945013676511e+26,1.3516165928579383e+27,-1.5254135125516644e+26,-1.4665052373649281e+26,1.8620655462768378e+25,1.3921283653027758e+26,-4.825710577550154e+26,-3.123465306963297e+26,-3.0014529249109007e+26,-1.4575032648224377e+26,1.4839217416829336e+26,-5.694214600895251e+26,-5.96654386081501e+26,-5.70605654159678e+26,-4.287564744099584e+26,-7.196320535104403e+26,-7.11246823816995e+26,-6.539368303620613e+26,-4.768052781757667e+26,-6.993182318623955e+26,-6.904445872500757e+26,-3.25381991456461e+26,-6.236644472740907e+26,-1.331019018165767e+26,2.595240167494385e+26,-2.2704689753653257e+26,1.1946445511632531e+27,1.8489620030266375e+27,6.06142150565236e+26,1.6022590425412976e+26,-3.5893314326869674e+26,9.199055757618462e+26,1.4786309828568955e+26,2.6569243742035873e+26,1.7590251219454428e+27,-4.8801919516844e+26,-1.0760072307618306e+27,-5.813220551290093e+26,-2.530306951620136e+26,4.4708310336557925e+26,1.653827897281082e+27,1.719934617444421e+26,9.101200159506427e+26,5.6989565463288485e+26,-1.1137789757514273e+27,3.784184188352211e+26,-3.994934541421822e+26,3.297106491580638e+26,-2.6971950395667144e+26,2.02195164038008e+26,1.8854412353623204e+27,5.480711898534599e+25,7.92096165687347e+26,9.16963390780648e+25,7.523235220531164e+26,-1.6821167182012116e+27,3.195597335137091e+27,-7.305166887806185e+26,2.5933429384490905e+27,2.875414678266691e+26,1.5506180278250343e+27,-2.5851646238631853e+25,8.827063766204334e+26,-2.4116611407412875e+26,1.2790666835344448e+27,-9.255002000448195e+26,-1.502960502244449e+27,-1.6018318558068434e+26,1.532252146092514e+27,-2.938283488048782e+27,-3.7617839028560574e+27,2.143599382254412e+27,1.0784858344623693e+27,7.224078276416592e+26,9.546976503975046e+26,1.4227735315020372e+27,-1.9105566335937504e+27
-3.767752523126782e+25,1.872437363372211e+26,1.0372553074509656e+26,2.5179889503067844e+26,1.399380943961157e+26,2.6942985088686397e+26,1.9740899139689516e+26,1.6459931016200227e+26,2.4597942461602447e+26,2.1835627145340883e+26,1.9540986870727797e+26,3.2646244536669814e+26,3.0796521415305168e+26,2.0240885328465098e+26,3.0473140691423922e+26,1.8106979004967093e+26,5.635113501806672e+25,1.155580613849948e+26,1.0481007975416714e+26,-2.7395432995438738e+25,-1.8425691946388588e+26,-3.548166178149541e+26,-3.646444913242942e+26,-3.936724900963763e+26,-6.331018855261253e+26,-4.877085530817217e+26,-5.678010059902594e+26,1.3989949622979663e+26,4.1446435154258246e+26,2.8679578226634763e+26,-2.9311402386967342e+26,1.237194436744984e+26,2.7099507601551055e+26,1.556562730846382e+26,6.610203182310736e+26,4.188145857097471e+26,3.744471862256288e+26,-6.35751694118014e+26,5.245985516171983e+26,-1.6738727009527568e+26,8.143844286518717e+26,-1.906084351893905e+26,3.139481945580209e+26,1.7408127392187908e+26,3.8643975382313496e+26,-1.353858219492789e+26,9.96630249626571e+24,1.6509202416107167e+26,1.3968871083956566e+26,1.2792888479678785e+26,-3.2779754457245337e+26,-3.7792952330892996e+26,-5.414921704242461e+25,2.981906487880785e+26,-1.023313824343765e+26,-3.170993860171555e+26,-1.3189166784225757e+26,2.315710078531856e+25,-1.5633762349428722e+26,-5.721480349679436e+26,-3.765203833724091e+26,-3.8688250911072786e+26,-4.758890605818311e+26,-8.349550140821429e+26,-4.854120992163491e+26,-3.97807662223214e+26,2.5589353875016997e+26,-5.1255044406940686e+26,-3.744247170528098e+26,-4.536403475662004e+26,1.4786309828568955e+26,4.339838045506906e+26,2.403721347378848e+26,6.502971795870762e+26,-1.6687675139197632e+26,-4.574066676521473e+26,-1.0996675816528651e+27,5.936008976896834e+26,8.365086210464475e+26,1.1663463606407844e+27,6.988853457785368e+26,1.0183242783309489e+27,8.316691048633574e+26,5.1836335046323275e+26,7.838836329651684e+26,8.945701902703806e+26,1.0974406724547872e+27,1.3710442962159033e+27,8.432806494397732e+26,-1.0125117202604276e+27,8.338740141657604e+25,-1.2702061492556585e+26,1.2820726330047789e+26,-1.9512604020845823e+26,1.0872057076328105e+26,5.796219631482982e+26,1.695035167058767e+26,3.483948878328216e+26,-6.577716164391468e+25,-3.7815047233411897e+25,-2.2277576833147958e+26,-1.465036876584524e+26,-1.3113340881607237e+26,-3.948305090961314e+25,-1.1833397918198173e+26,-1.4565919400655975e+26,5.8046177274057604e+23,4.886684239114518e+24,-3.953040056792798e+26,-7.272336900354691e+26,-7.692120996220107e+25,-2.2354297194099905e+26,-1.276651011826376e+26,-2.1093480486152103e+25,1.1742252111093049e+26,-2.1389587643232015e+26
-3.909227027414557e+26,-7.514422617808367e+26,1.2465989285576183e+26,1.5745649531101016e+26,1.0114809797894712e+26,9.610461841583933e+25,1.775829356966601e+26,1.1580905266923257e+26,9.276914218794686e+25,1.1459984486453922e+26,2.6518793308044725e+26,3.4815859119882494e+26,2.8130159249189735e+26,9.328218340663167e+25,6.357969566357686e+25,4.734068616642489e+25,-8.186447651271415e+25,-1.068870244678364e+25,-8.074092036253493e+22,-1.0689163024560698e+26,-4.219024239450688e+26,-2.4869855026080238e+26,-2.1082218892968588e+26,-1.017338624070859e+26,-2.2045970807060256e+26,-3.482031829371588e+26,-7.210480321214675e+25,1.7663629417934417e+26,5.751186092689727e+25,1.0028203494888541e+26,-1.0962213691099784e+26,1.3174476400684224e+26,4.518549309730937e+25,1.5232470617145272e+26,3.7282388637581094e+26,5.2562996884076706e+26,-5.766811660403385e+25,-7.758143020349881e+26,1.136867195574452e+26,-4.7228946150099004e+26,9.881965835652044e+26,-3.0916903681239558e+26,2.1330133321649367e+26,1.78990028498784e+26,2.021024173350881e+26,-3.963767865124048e+26,-2.342005799566414e+26,-2.1012329923064704e+26,-1.2566849117733125e+26,2.7651898705453175e+26,-5.24970250631675e+26,-5.062760149562997e+26,-3.5431994197792396e+26,-1.637246317780983e+26,-3.985476608720674e+26,-3.3390829256610944e+26,-3.3635186851672386e+26,-2.650949573872422e+26,-3.0679298601039263e+26,-7.709824804239354e+26,-4.5246107726635925e+26,-3.3621961813170805e+26,-1.0821496372474148e+26,-3.932334073455755e+26,-4.803162839105082e+26,1.034978717136722e+25,6.174000093246484e+26,1.0861617902399067e+26,-1.2054933285213588e+26,-2.7178049033370962e+26,2.6569243742035873e+26,2.403721347378848e+26,5.530558752836499e+26,1.254368950030792e+27,-5.610040888023679e+26,-7.567827702739064e+26,-1.1035776192590396e+27,4.124265384900914e+25,3.7414994247365124e+26,1.325011902038846e+27,1.1553329685727993e+26,1.093779590808406e+27,4.2797707771784065e+26,-2.9566157332240216e+26,1.347329068070113e+26,1.1475904947387895e+26,1.1719007449034247e+25,4.341550311241527e+26,-2.831769686519486e+26,9.660982904962398e+26,2.1580229252651875e+25,3.3118371427464596e+25,2.1988522604484015e+25,-2.931914460932134e+24,-1.0564392133254218e+26,1.225537159740647e+27,-4.5553843076603637e+24,8.60321045739286e+26,5.743488004675891e+25,2.39791165068408e+26,6.887977149815692e+25,6.124945172116879e+25,1.996989647489418e+25,1.3972880804760552e+26,-6.976561423225365e+25,-1.4762471542474135e+26,2.9566736432715562e+26,6.61424338837719e+26,-6.813136766210809e+26,-1.2637995573783262e+27,5.156740544757781e+26,1.1068303374932824e+26,4.602888918355756e+25,1.0457502122518034e+26,1.960975267757409e+26,-3.0752089107118728e+26
-7.278983050600884e+26,-2.0221430807546014e+27,1.8120435019360943e+26,2.8115390178142403e+26,2.9942904135832043e+26,5.271522472551686e+26,5.0930684868714766e+26,3.8836742830471385e+26,4.9806213583131244e+26,4.869688714688969e+26,5.96039055711224e+26,1.1192409348182619e+27,1.0278231038083644e+27,4.500380272321153e+26,5.1756171620097934e+26,3.479413789830227e+26,-4.7999123577116715e+25,1.3053712245965564e+26,1.1495095590679866e+26,-3.1969186438711725e+26,-1.0164223085594363e+27,-1.0997185393598446e+27,-1.0051403808314938e+27,-6.578862091181185e+26,-7.119853299806612e+26,-1.283767196392448e+27,-4.336278971712498e+25,3.2449490472233656e+26,6.330940204995265e+26,5.841437456165102e+26,-6.426680790948769e+26,4.974228545565254e+26,4.342167703404634e+26,4.5604541937187836e+26,9.717541196636706e+26,1.4464941890122723e+27,7.188706322270576e+26,-1.9984097616149815e+27,8.673853463771124e+26,-1.2393144835334872e+27,3.769122715050673e+27,-7.04014531704909e+26,2.8786725036489127e+26,3.2017102438749045e+26,5.795045960022255e+26,-1.2047201115064803e+27,-6.991101778244673e+26,-6.203952824704613e+26,-3.1627790860246996e+26,5.911512479300334e+26,-1.6751174697284502e+27,-1.7630103705913186e+27,-1.2297784525381651e+27,-6.979717040789926e+26,-1.520097464571797e+27,-1.5867480304805568e+27,-1.343556212975901e+27,-9.580426337654001e+26,-1.3818222017627955e+27,-2.415131719457201e+27,-1.2558763643395666e+27,-1.51770168809967e+27,-6.26710098222033e+26,-4.778800925489542e+26,-1.1937716566128177e+27,1.7758139384645016e+27,3.750296572551503e+27,7.831028082377054e+26,-7.054369327305067e+25,-1.0305797918388129e+27,1.7590251219454428e+27,6.502971795870762e+26,1.254368950030792e+27,4.6993735555433516e+27,-1.506560265546416e+27,-2.9061533558401414e+27,-2.915746370938841e+27,-8.847959701823746e+25,1.6767714084431268e+27,4.7395765139301367e+27,7.951764777503938e+26,3.280310370368113e+27,1.9576437566464957e+27,-1.7646571784708107e+27,1.1657812192239909e+27,-4.763265707290161e+25,1.0334673433821323e+27,7.951247914789823e+26,2.257557512207134e+26,3.732903483164481e+27,2.6557861936947318e+26,1.1756708753846485e+27,3.541777612370289e+26,1.08343677099206e+27,-3.020292897297286e+27,7.047326762785846e+27,-1.370602793840256e+27,5.435120811949618e+27,7.405383377450868e+26,2.762671242880784e+27,-1.218077394320339e+26,1.389146030666197e+27,-6.155121144264317e+26,2.3055478095921905e+27,-1.9250025474654708e+27,-2.8770850491126206e+27,3.939729355884329e+25,3.3661207519134795e+27,-6.013917738950712e+27,-8.195504335165757e+27,4.317659969352234e+27,2.0386946228889126e+27,1.430820232405022e+27,1.947866267703568e+27,2.888452828409189e+27,-3.837177282661746e+27
9.793644897403457e+26,2.5491661852838937e+27,1.0935156120485484e+26,1.6768291812704578e+26,2.342441432044241e+26,5.868163035406542e+26,-7.119273828552342e+26,-4.3363595476393e+26,-2.6675518860844878e+26,-1.956307736956235e+26,-9.562195642627697e+26,-1.2842066112859952e+27,-1.1209988812751555e+27,-4.713178799527723e+26,-2.7689483708290395e+26,-4.412215616416108e+26,-6.468767849046093e+26,-4.8836220636351294e+26,-3.5000229294089075e+26,-5.376994371515009e+26,-8.79112656551458e+26,-3.027036871957207e+26,-3.2645946552766434e+26,-2.4007624227604995e+26,-8.188404290470143e+26,-5.912004344954187e+26,-1.1565057731861182e+27,1.7819654238782905e+27,-3.135937040028667e+26,-4.376376910975351e+25,-5.332356725332055e+26,9.358797198658616e+26,7.366885011895181e+26,7.524050731397436e+26,2.513562008586021e+27,-1.650720335617713e+27,-1.317412322337154e+27,-1.607862643758731e+27,6.078491392045364e+25,1.106131858758811e+27,-2.207694469430742e+27,5.5557175868507564e+26,3.7674381947194815e+25,-2.1799533117534476e+26,-1.5783044734486448e+26,1.3821491939418728e+27,6.953535061132341e+26,5.955393330621636e+26,3.41234772774937e+26,-9.079954862622511e+26,1.8099724947975122e+27,1.5140512423563434e+27,1.035795370044517e+27,6.12106410326387e+26,1.1196773538919181e+27,8.38560888506348e+26,7.775253280259236e+26,5.74649867305956e+26,5.7337561280927166e+26,5.982555785371327e+24,-2.5889381788277593e+26,1.2990044734286895e+26,-7.96796850559001e+25,-9.797266351709995e+26,-6.791207082464022e+26,-1.3177828105521084e+27,-1.1888870424012358e+27,-8.600411797186547e+26,-1.9701624073544436e+26,1.1667865789678303e+26,-4.8801919516844e+26,-1.6687675139197632e+26,-5.610040888023679e+26,-1.506560265546416e+27,2.1963747062439058e+27,2.2312638924807363e+27,-9.576785569325102e+26,5.087959922163741e+26,2.1097146057252262e+27,-1.1522367129663579e+27,1.657223975996831e+27,-1.005449111653383e+27,-8.864620181523913e+26,2.7850830940091647e+27,1.4247776134954911e+26,1.0109983743346002e+27,7.109804639427069e+26,1.164178546722135e+27,-1.30669728625792e+27,-5.146694558689007e+27,-4.6901580355530145e+26,-4.264076444261759e+26,-3.0188928262369454e+26,-4.2186466215426026e+26,4.585518971444044e+27,-2.8026353445028653e+27,3.2485002897555787e+27,-2.0074081121959375e+27,-1.1266036900214895e+27,-1.047430004371313e+27,4.13202108919122e+26,-4.639625269768324e+26,8.517781677850845e+26,-7.939999590329223e+26,1.438351352596039e+27,1.2526217534408884e+27,1.5915224560108065e+27,-1.0913633089811502e+27,3.580656477458749e+27,5.589870319703916e+27,-3.376270196982343e+27,-1.4566791463051587e+27,-8.400336243817194e+26,-9.940484946113315e+26,-1.5090472482982738e+27,2.0972384875172716e+27
1.0012416641543925e+27,3.012126918041989e+27,-4.543974272168386e+26,-4.8224465585097035e+26,-4.219495262983575e+26,-1.7466234172810478e+26,-8.816361567655543e+26,-5.86645779765636e+26,-3.836692121856299e+26,-3.998985990291318e+26,-8.87071975834951e+26,-1.999243309074227e+27,-1.9334069514497673e+27,-6.738053142512215e+26,-2.6834426612243703e+26,-5.3363796689765866e+26,-7.668234816759787e+26,-4.675660437029398e+26,-2.361166557511427e+26,-3.6186507581813595e+26,-2.942797250457104e+26,-6.910165834266692e+25,-2.2301154327338326e+26,-6.222362691801809e+26,-1.7889996237533298e+27,-6.321807773340488e+26,-2.8223453978667436e+27,2.313750900008038e+27,-3.179090777192899e+26,-1.5867886662104237e+26,-5.1782568373139094e+26,5.423438976483658e+26,3.1379104193528705e+26,-1.8748394253010458e+26,1.5429966822570394e+27,-2.162329750540099e+27,-1.6394794019199374e+27,-5.398718856385748e+26,-1.4551818782357639e+26,9.592968122434197e+26,-3.041982588300227e+27,4.973957769751596e+26,-4.857202881301732e+26,-2.6681733713414823e+26,-3.970058853397225e+26,1.5222752530267598e+27,6.387216348681717e+26,5.2644062941933394e+26,1.9721826246887102e+26,-7.057626224488388e+26,2.691551677033209e+27,2.864637352379762e+27,1.4204320802167064e+27,6.210304440050692e+26,1.8227478695453273e+27,2.0903266544056803e+27,1.4518436938995808e+27,8.179450413509954e+26,1.314638431137104e+27,1.6229008008178834e+27,-5.844395822305796e+25,8.78430726604061e+26,3.004885827657206e+26,-1.726313550043304e+27,-8.90413478547242e+26,-3.275929026456143e+27,-2.7753684973943436e+27,-1.016866622993804e+27,-3.5414521764456175e+25,5.778754839084105e+26,-1.0760072307618306e+27,-4.574066676521473e+26,-7.567827702739064e+26,-2.9061533558401414e+27,2.2312638924807363e+27,4.5885762891462826e+27,4.288234856409406e+26,2.5486451292494985e+26,6.854471419000639e+26,-2.674742081623582e+27,6.414097822766238e+26,-1.9095259919525446e+27,-2.257667021017732e+27,3.4774713534082676e+27,-3.1968652456298135e+26,8.358185707998932e+26,3.294855131729362e+26,1.07852075282044e+27,-7.737635625266306e+25,-8.747534934256784e+27,-1.338097774070551e+27,-1.0788509617100642e+27,-1.2082729956105079e+27,-1.1862594110743481e+27,7.369189571533956e+27,-6.123870001790016e+27,5.681561535444454e+27,-4.8181270223610787e+27,-3.0667996703898305e+27,-2.812410217594387e+27,8.830277383641419e+26,-1.2578765602035184e+27,2.2765355257223644e+27,-2.3759209719547322e+27,3.8569134534269015e+27,3.564185851854408e+27,2.0981819258298515e+27,-2.4571797785021703e+27,7.493202864937048e+27,1.09290488434797e+28,-7.589284763724918e+27,-4.31144325061347e+27,-3.075169618962957e+27,-3.473502013783197e+27,-4.4513308298640573e+27,5.31024729737692e+27
1.7833859488464347e+26,-1.258613649373012e+27,-9.421135836661728e+26,-1.4925736526462293e+27,-1.0163758144804156e+27,-1.552701059001704e+27,-1.8184384766769047e+26,-2.791338526517648e+26,-5.299715635758411e+26,-6.59336784491308e+26,-4.766850278682366e+25,-1.3508919584578328e+26,-6.614597269943039e+25,-1.9524775220624646e+26,-4.425696369660875e+26,1.6088993469134977e+25,1.2940707127053503e+27,5.211342115999454e+26,2.8524024135045093e+26,1.3844780955942882e+27,3.800929375479415e+27,2.4784863352776064e+27,2.1907476032682032e+27,1.4515717886261708e+27,3.3632301476891727e+27,3.760277138528281e+27,3.0692814386733224e+27,-3.7902607948223185e+27,-4.706172779812717e+26,-8.094252984704153e+26,1.6380953506154978e+27,-1.9695835909982385e+27,-1.5048464063472306e+27,-1.7564802282961334e+27,-5.977072813034793e+27,-5.033010256609485e+26,1.5706515867365587e+27,7.339009454778446e+27,-1.474778780102794e+27,2.0924909561723614e+26,-1.2688253296662792e+27,5.1037352799797155e+26,-1.6495134179602103e+27,-5.6776570807067226e+26,-9.888272857894184e+26,-7.295388531405545e+26,-5.9683035528131704e+26,-7.127914306643143e+26,-5.3429410193324934e+26,1.9886061453082258e+26,-2.4569021666123965e+26,3.0482657515645207e+26,-4.849758934675581e+26,-9.453549179120715e+26,-2.2278839928326926e+26,7.069249547811636e+26,2.490896785857469e+26,-9.53386007810379e+25,7.457381640439422e+26,4.668965395650018e+27,3.168577951950008e+27,2.1639258036714055e+27,1.1030466097673196e+27,3.779030757083201e+27,4.265568660637572e+27,1.3065302584505153e+27,-1.4427341489308438e+27,1.614314736946235e+27,1.1925761535809676e+27,1.3567295363429953e+27,-5.813220551290093e+26,-1.0996675816528651e+27,-1.1035776192590396e+27,-2.915746370938841e+27,-9.576785569325102e+26,4.288234856409406e+26,8.332359292825727e+27,-1.9403007840452228e+27,-5.762580812214249e+27,-4.549040533883719e+27,-3.8248872018010066e+27,-3.497424038703746e+27,-1.9424560622194107e+27,-4.0768551284168516e+27,-2.1290839698412203e+27,-3.3997519595284494e+27,-2.989080094025673e+27,-5.260112131526906e+27,1.6885218798069517e+27,4.764650127699037e+27,8.436658402780771e+26,-5.313293817947611e+25,5.9794954598895195e+26,-3.1610762284791893e+25,-6.696868327603943e+27,-1.65777497829647e+27,-5.378515246455546e+27,-1.5309658863129454e+27,1.8453689326923145e+27,-4.027335828655586e+26,-1.0385470563764264e+27,-1.506921040960728e+26,-1.4915972625406007e+27,-1.7903787933379446e+26,-1.6692818688063738e+27,-5.198922937026607e+26,-3.583167858476246e+27,-1.0831474830762381e+27,-1.8277657550087103e+27,-1.9760651272877003e+27,2.528645735603675e+27,1.3562114334132917e+27,6.09054252144957e+26,5.056233288897421e+26,7.951153732355455e+26,-1.181867447141663e+27
1.8067477737831295e+26,1.2293313596754384e+27,2.876579112144438e+26,5.907050774064113e+26,3.293580399674603e+26,5.542283323743651e+26,2.2515625572749365e+26,2.3849297854038852e+26,4.167103584621781e+26,3.652484284638013e+26,9.798320318412622e+25,2.241079148255681e+26,2.4528344094446097e+26,3.0956166826365096e+26,5.365493080398998e+26,2.9337657034543098e+26,5.2763375324725755e+25,1.854413128136817e+26,1.8022887130052423e+26,-6.1793698384837314e+25,-3.553700705234229e+26,-6.472068343961482e+26,-6.733518205953973e+26,-7.736360538025111e+26,-1.4188737326469285e+27,-9.66749809933061e+26,-1.436080876456576e+27,4.898195621899349e+26,7.375689397210599e+26,5.109124670234425e+26,-5.62606174401407e+26,2.688414979026684e+26,5.652445931028649e+26,3.768162557538495e+26,1.6071968274291047e+27,2.8608294093687428e+26,4.181755730985754e+26,-1.2750406586500503e+27,9.601161817634761e+26,1.6245891680268385e+26,3.415963418535621e+26,-9.614441750185553e+25,6.88798828677809e+26,2.134166817714094e+26,5.370319766201875e+26,4.588151453257277e+26,4.7117613255434126e+26,7.133798149069327e+26,4.7938020663509506e+26,-1.089852261967998e+26,1.5568771979697487e+26,-2.7009084875096366e+25,6.09559788291672e+26,1.0024608055542008e+27,6.1311527244536815e+26,2.455270994492833e+24,4.183523855276831e+26,5.5891267991766485e+26,2.889103850816785e+26,-6.994808958108807e+26,-6.702628070658022e+26,-4.644251662212518e+26,-9.1941583627903e+26,-1.9764225218431825e+27,-1.022932242055461e+27,-1.5678174920989827e+27,-6.219131706605806e+26,-1.537682209647758e+27,-8.004840949557635e+26,-6.0641267063399295e+26,-2.530306951620136e+26,5.936008976896834e+26,4.124265384900914e+25,-8.847959701823746e+25,5.087959922163741e+26,2.5486451292494985e+26,-1.9403007840452228e+27,1.3709298770699224e+27,1.7505007803338837e+27,9.66278924427025e+26,1.570768259601193e+27,1.0541359990749824e+27,1.2238003021964506e+27,2.2788552253150768e+27,1.45652383874516e+27,2.1525286182167287e+27,2.2296656924670372e+27,2.998019722697143e+27,1.5227778989802663e+27,-4.318739914215389e+27,5.59124761310058e+25,-6.286582130301555e+26,1.4938382295737622e+26,-7.317710722880633e+26,1.7326955986042662e+27,-9.518566944560569e+26,1.2142375683791723e+27,-9.323854095158967e+26,-4.751447116011447e+26,-9.272917522742064e+26,-3.788950008821377e+26,-6.990084169824577e+26,-2.1922387399388493e+25,-7.148473357108825e+26,3.823223540071269e+26,5.252997402192261e+26,2.342448353988202e+26,-9.306191195492332e+26,1.1921782769428945e+27,1.4717138477234103e+27,-1.821685732520246e+27,-1.1986761812649803e+27,-7.182093579037364e+26,-6.215861906183732e+26,-6.332570574643932e+26,7.614551659080502e+26
8.41410996010368e+26,3.035121524715826e+27,5.5318549781391826e+26,1.0073777677174422e+27,7.886767318957536e+26,1.8294891113786131e+27,-5.666565791093233e+26,-2.92360813002385e+26,1.7756883449569035e+26,2.7914621596953483e+26,-7.10605453084154e+26,-8.529213972556725e+26,-7.219234842762365e+26,-3.093760046647175e+26,2.0833454299510898e+26,-3.959260021717623e+26,-1.292677343910261e+27,-8.028967117407644e+26,-5.701933462060031e+26,-1.5481242285168686e+27,-2.9346653080621976e+27,-2.1028885152699656e+27,-2.063479806966877e+27,-1.403295591695532e+27,-2.5892453244633595e+27,-2.813248725662974e+27,-2.45753879672172e+27,3.999454737293837e+27,3.412361776651026e+26,7.398513301007006e+26,-2.0655794588883485e+27,2.6388222061977795e+27,2.1268819280691275e+27,2.086702294814633e+27,6.795718393225671e+27,-9.1849250942319e+26,-1.4398080178409783e+27,-5.788671607076386e+27,1.470935303306092e+27,5.478700460689504e+26,2.3420029249824147e+26,-5.7877831452406056e+25,1.020285194093528e+27,2.8312773854761285e+26,7.635652574911955e+26,1.1678580794953017e+27,7.030283241292573e+26,8.340194815204634e+26,5.7400764973593e+26,-6.904998037764475e+26,1.2008330700721446e+27,5.71814340036432e+26,7.787270612982606e+26,1.0489637560346144e+27,6.213494900541393e+26,-2.815883528463828e+26,1.7361307519087145e+26,4.016792996135136e+26,-2.0153784423015156e+26,-2.9667841018976473e+27,-1.7816846615200533e+27,-1.3847777759284344e+27,-1.3004314956624646e+27,-2.833620437637436e+27,-2.622411904266628e+27,-9.027984704323175e+26,1.0359035997096241e+27,-1.6827429680351416e+27,-9.469127383060665e+26,-1.0644667289312549e+27,4.4708310336557925e+26,8.365086210464475e+26,3.7414994247365124e+26,1.6767714084431268e+27,2.1097146057252262e+27,6.854471419000639e+26,-5.762580812214249e+27,1.7505007803338837e+27,6.828058208123961e+27,2.9954581619439543e+27,4.7918276728668253e+27,2.236172542360934e+27,1.1677289585450697e+27,4.255437125260884e+27,2.2154985411490172e+27,3.066525253854332e+27,3.559255298407485e+27,4.608412219338506e+27,-1.4992846624451895e+27,-6.68409362862893e+27,-4.572939007162975e+26,4.764649131577957e+25,9.349871039609167e+25,2.60138030950808e+25,6.105900263875875e+27,1.400453877563245e+27,4.8895123678268367e+27,1.340427957962447e+27,-1.1590084831567624e+27,5.415742867550428e+26,4.4650953824265854e+26,1.6352660818878002e+26,6.570532261114686e+26,6.831441190598076e+26,4.247104278275617e+26,-6.861658485176851e+26,3.137238736933889e+27,6.58972681296665e+26,8.674637410365786e+26,2.083825119963102e+27,-1.9045543422917056e+27,-3.991439315104133e+26,3.172248255773571e+26,5.580065977396866e+26,4.6271074296219634e+26,-9.25130944519875e+25
-5.422003236789456e+26,-1.0089041568406023e+27,3.275160516758701e+26,6.643086698532427e+26,4.939611180772564e+26,9.158303214580145e+26,6.604964373434731e+26,5.4713393161333086e+26,7.869436083004121e+26,7.41804160214421e+26,6.805082535354707e+26,1.254754408424009e+27,1.1690113529539631e+27,6.479705808920067e+26,8.930636121028085e+26,5.2985496866800046e+26,-6.7088125368314575e+25,2.2884423128180276e+26,2.2549429706174237e+26,-3.967877285118182e+26,-1.3502082457810537e+27,-1.591870835787398e+27,-1.5123875870558691e+27,-1.2616577403006316e+27,-1.9146256561645748e+27,-2.0874317491974083e+27,-1.322681861842273e+27,8.706652007495498e+26,1.15007322354027e+27,9.406787514934989e+26,-1.0830968351973842e+27,7.298609482420621e+26,8.660537942792853e+26,6.841132413586728e+26,2.2227059944486653e+27,1.6309933246276134e+27,9.557878758277909e+26,-3.0803643277708244e+27,1.576244140986602e+27,-1.1378382053861082e+27,4.055834303547996e+27,-7.983454350822098e+26,7.550878772933302e+26,4.9625877140940534e+26,1.0414798847778187e+27,-9.325921430378253e+26,-4.000427608783054e+26,-1.17372137906622e+26,3.6064806351246083e+25,5.4365999367842616e+26,-1.5785567611701323e+27,-1.7769174030881518e+27,-8.630695064529027e+26,1.9713840196549002e+25,-1.1642799911169203e+27,-1.646606175419869e+27,-1.1473451056746728e+27,-6.297056847028981e+26,-1.295259197037303e+27,-3.0099972044173044e+27,-1.882715562218153e+27,-1.9659599790675433e+27,-1.2892875486975413e+27,-2.0936668152978846e+27,-2.117811834267862e+27,4.752375432045764e+26,3.363565759494057e+27,-3.406471025486015e+26,-6.963252180184523e+26,-1.575866081429502e+27,1.653827897281082e+27,1.1663463606407844e+27,1.325011902038846e+27,4.7395765139301367e+27,-1.1522367129663579e+27,-2.674742081623582e+27,-4.549040533883719e+27,9.66278924427025e+26,2.9954581619439543e+27,5.672282993117805e+27,1.9635467311502256e+27,4.181139647464195e+27,2.7948741371942747e+27,-6.1836959410181435e+25,2.2397803074154283e+27,1.6016653833229742e+27,2.706204596495593e+27,3.1222159390042347e+27,1.3595277125565943e+27,3.690102806180593e+26,1.7947263815783298e+26,7.215227054143632e+26,3.3351430105194416e+26,5.201830154473401e+26,-1.3091198714830764e+27,6.24724283818792e+27,-7.274601431867029e+25,4.6930189564854844e+27,1.3029659490321443e+26,2.0200412665367553e+27,-2.912262000969768e+26,8.602585119063913e+26,-4.046313949492681e+26,1.6529928299727e+27,-1.3080992671026232e+27,-2.235120103782396e+27,4.042323214381398e+26,2.6569413973053005e+27,-4.7870975527974683e+27,-6.747809637257032e+27,2.600462937874835e+27,8.48043316893812e+26,6.363063526024959e+26,1.1994699321205968e+27,2.090853036884477e+27,-2.93576830758297e+27
7.183473186764034e+26,2.5062365368048324e+27,4.456505294621591e+26,8.259067632651058e+26,6.414127756684094e+26,1.4040133938883325e+27,-3.1738983099148116e+26,-1.1223899582385816e+26,2.9375214638100588e+26,3.1391706143299696e+26,-5.072115662547952e+26,-5.1203638095993034e+26,-3.955283794471681e+26,-5.800630083498767e+25,4.1141227605719335e+26,-8.175861500522938e+25,-6.639240016024795e+26,-3.285475639119012e+26,-1.9899046606124237e+26,-8.31913126397311e+26,-1.6860712383776848e+27,-1.417034502329086e+27,-1.4497170803690576e+27,-1.2006466280184676e+27,-2.0873851851279797e+27,-1.9226014834062612e+27,-2.015938697763198e+27,2.300204814659944e+27,6.217530235728611e+26,7.242947118457192e+26,-1.4574572870372145e+27,1.5862242395285761e+27,1.569848772751903e+27,1.4582383513819617e+27,4.6213581058756464e+27,-5.917565333813907e+26,-5.790821974811204e+26,-3.62607864802867e+27,1.338959756328972e+27,5.3128743592241096e+26,1.5965297615881473e+26,1.687652224576951e+25,8.300379608305681e+26,2.0530651445596416e+26,6.4156413240996e+26,9.775790350961606e+26,6.46393461018049e+26,8.122160912772799e+26,5.52959254048219e+26,-5.673575733767791e+26,9.1319238923438e+26,4.441442611992723e+26,7.631278448664786e+26,1.0381117783170156e+27,6.776956049303121e+26,-9.88127660688731e+25,3.247669869622431e+26,4.9830104211563604e+26,5.520418906467652e+25,-1.7806943235464992e+27,-1.150229801053043e+27,-9.074061400568269e+26,-1.1578699184040947e+27,-2.3989167628638034e+27,-1.7763284145789027e+27,-1.1604223959828145e+27,3.376756298985827e+26,-1.6184280475614288e+27,-8.361100815107913e+26,-8.345561552728128e+26,1.719934617444421e+26,6.988853457785368e+26,1.1553329685727993e+26,7.951764777503938e+26,1.657223975996831e+27,6.414097822766238e+26,-3.8248872018010066e+27,1.570768259601193e+27,4.7918276728668253e+27,1.9635467311502256e+27,3.6195299279161293e+27,1.5726259179378485e+27,1.220169202708467e+27,3.473642587958841e+27,2.016355324371019e+27,2.6519113144141055e+27,3.2000332743908493e+27,3.857821257641495e+27,-4.065156754488622e+25,-5.954088979568446e+27,-9.135591104633233e+25,-2.0302396038852693e+26,2.4560397732760615e+26,-2.7309330605179473e+26,3.9137246679903517e+27,4.6343288623951774e+26,3.051308805651457e+27,4.126300574606954e+26,-7.196147435565548e+26,-3.099099286693572e+25,-1.3427920236347734e+26,-1.670609151418693e+26,1.3194268405325961e+26,1.8143002807939094e+26,1.3333745013585006e+26,-3.9357719399663215e+26,1.6332149052255565e+27,-3.840988964089313e+25,7.185545873387369e+26,1.6644720501294752e+27,-1.7761610422144787e+27,-6.957513894147342e+26,-1.059474881223827e+26,1.4251592943353888e+26,1.9023277559222683e+26,9.258742073253733e+24
-5.827621315158185e+26,-7.724176605807427e+26,3.370398920672648e+26,6.680391704653937e+26,4.171406140299526e+26,6.992447933967047e+26,6.498164387889833e+26,5.3349515072361665e+26,7.329108632475599e+26,6.7719390132747e+26,6.923530884596517e+26,1.101127113156401e+27,9.999238048146745e+26,6.198143186389905e+26,8.520308495063368e+26,5.321056805340372e+26,5.895966496455056e+25,3.0397746754935015e+26,2.874762935257703e+26,-1.8402016753301594e+26,-8.732750098352024e+26,-1.1922359358543439e+27,-1.1746974680467047e+27,-1.0895544938671776e+27,-1.648172117520431e+27,-1.5687883861289673e+27,-1.2360193680491753e+27,3.952623147948081e+26,1.1043236589922675e+27,8.438469677083396e+26,-8.426226318440667e+26,3.915255283185614e+26,6.420325329083119e+26,4.641343814374432e+26,1.638431329126647e+27,1.5198586930756827e+27,9.09900713390291e+26,-2.2084238943161482e+27,1.3949776135468506e+27,-9.917596825393592e+26,3.2214754086687545e+27,-7.43657967559599e+26,8.154723222186028e+26,4.981894573611347e+26,9.165522408150115e+26,-6.808966596157722e+26,-2.3217935178822896e+26,4.700891403015629e+25,9.687114402808445e+25,5.314427934688169e+26,-1.2429742804821343e+27,-1.3519345352255413e+27,-4.863501696596143e+26,2.853106320286528e+26,-6.49457744977141e+26,-1.0559367150236961e+27,-6.317924830601274e+26,-2.7157943842729545e+26,-6.928851114070184e+26,-2.1334599126698118e+27,-1.3502585192714526e+27,-1.3009267244712913e+27,-1.1485248282274786e+27,-2.0349141125853387e+27,-1.5980836602378792e+27,-3.296412017045564e+26,1.8819853502091978e+27,-7.070683547711289e+26,-7.368574444022138e+26,-1.2043181867585172e+27,9.101200159506427e+26,1.0183242783309489e+27,1.093779590808406e+27,3.280310370368113e+27,-1.005449111653383e+27,-1.9095259919525446e+27,-3.497424038703746e+27,1.0541359990749824e+27,2.236172542360934e+27,4.181139647464195e+27,1.5726259179378485e+27,3.398155120555427e+27,2.4167327028288445e+27,4.694895500458513e+26,1.9795067985543901e+27,1.7222278534492407e+27,2.449346644748457e+27,3.0829952740608006e+27,1.6586318932127735e+27,-7.230806679631834e+26,2.6223567415143785e+26,1.137612890567193e+26,3.688695051578706e+26,-6.138962688868915e+25,-8.540683429172637e+26,3.8809847071150493e+27,-1.2181971866049024e+26,2.7079017262002556e+27,1.082856471946e+26,8.440410726102589e+26,-4.715059933276547e+26,1.7443678570228935e+26,-4.615868160059063e+26,7.190174857582013e+26,-9.001507531011523e+26,-1.278212089999522e+27,5.811812835348156e+25,1.4261891508575173e+27,-2.983838276109715e+27,-4.4194205072036853e+27,1.2891417412656852e+27,1.631109274553728e+26,1.6070378505845e+26,5.7973189250588406e+26,1.2081434297413082e+27,-1.7680544618367716e+27
-5.346257695274804e+26,-9.029747194625588e+26,5.211926207219641e+26,9.022291740656314e+26,6.163379198589048e+26,7.286336088269011e+26,9.795049213399052e+26,8.824788686165944e+26,1.1657582342648567e+27,1.0043469666151672e+27,7.245484465024333e+26,1.5362205801845296e+27,1.5020264301273536e+27,1.1453443241536231e+27,1.3856549278215648e+27,1.1093752888114532e+27,8.043047759657223e+26,9.334366750051492e+26,7.537474265123283e+26,4.4622450054203e+26,1.6711202181443072e+26,-8.527040846433958e+26,-8.92442183175752e+26,-9.520209553061307e+26,-8.845063657494125e+26,-8.432409720626017e+26,-1.3813166233441579e+26,-1.8641346364149957e+27,1.797890252260892e+27,1.1635133150417412e+27,-4.511398067507226e+26,-5.7367029993426265e+26,3.981878678604994e+26,2.0889850880728472e+26,-1.5911931786491808e+26,1.8968013573248245e+27,2.1726318308902055e+27,-5.12562942333999e+26,1.8143207641293278e+27,-6.37605012160711e+26,3.006566350505558e+27,-4.6867446506017894e+26,9.751625015635145e+26,3.569891887974494e+26,7.854410544727685e+26,-3.118930476204467e+26,1.4964290226053373e+26,4.397840640995318e+26,3.6057670861573e+26,2.9364500482338127e+26,-1.2749831683111024e+27,-1.5006459924089924e+27,-4.289379839860466e+25,6.556313159786288e+26,-2.143698282617749e+26,-9.407387686140057e+26,-2.082787398536664e+26,1.7879450323270358e+26,-2.801045333220824e+26,-1.354971193526172e+27,-6.0503021984312556e+26,-9.229736039217112e+26,-1.2950073658393585e+27,-1.3072732295964626e+27,-5.9624156688723735e+26,2.4394961986978207e+26,1.3273408675719316e+27,-1.013092968648411e+27,-6.911293694308093e+26,-9.319793206913298e+26,5.6989565463288485e+26,8.316691048633574e+26,4.2797707771784065e+26,1.9576437566464957e+27,-8.864620181523913e+26,-2.257667021017732e+27,-1.9424560622194107e+27,1.2238003021964506e+27,1.1677289585450697e+27,2.7948741371942747e+27,1.220169202708467e+27,2.4167327028288445e+27,3.4110452111108983e+27,3.25538826626242e+26,2.5997483702219977e+27,1.7926624441164818e+27,3.129715087432476e+27,2.7313842757043083e+27,3.3689452942647624e+27,-1.3342073847816712e+26,1.2721377308129845e+27,1.0936908786599832e+26,1.2219484621483903e+27,1.1249771261905112e+25,-4.7263557343524096e+27,3.69154143834537e+27,-3.460654265800168e+27,2.484003862820767e+27,1.7510960594823253e+27,9.599927045454249e+26,-1.6375581516502214e+27,1.6689654766106504e+26,-2.1709271044609337e+27,1.044974372511771e+27,-2.931666911571986e+27,-2.432560281201398e+27,-2.3963767760377773e+27,7.696692711439537e+26,-4.975271560829205e+27,-6.78083664416478e+27,3.153310977317834e+27,1.3849954600625283e+27,1.1022707489607327e+27,1.7111969117641707e+27,2.728979345515576e+27,-3.5154055343744914e+27
8.862204931132686e+26,3.976573693937388e+27,4.553620170866333e+26,9.39854185464691e+26,5.3828097610112814e+26,1.0925794745188276e+27,-3.7508648235120174e+26,-8.46758571580952e+25,3.0517791712840443e+26,3.1578687442588255e+26,-6.628339653316173e+26,-1.2010247040117836e+27,-1.1067830712669711e+27,-1.0153470248372858e+26,4.4506986324255814e+26,-1.0081943382709152e+26,-8.494095055550499e+26,-3.216033847012246e+26,-1.1134137791771642e+26,-7.30302806572858e+26,-1.7170362859898138e+27,-1.2941263008006214e+27,-1.3600240926172545e+27,-1.476615620033151e+27,-3.3677499500930363e+27,-2.2762998257901517e+27,-3.9551019287058485e+27,3.018261710472418e+27,6.222080945147959e+26,6.415466907029803e+26,-1.3769964347503937e+27,1.2874027939391848e+27,1.3440733102057898e+27,1.0254757235263628e+27,4.758029181043664e+27,-1.2115619797516318e+27,-1.321555510935526e+27,-3.882171478403584e+27,1.3101062481837636e+27,1.0078781516235466e+27,-1.8671496311855528e+27,2.167964587138453e+26,1.0518204234297272e+27,1.6588388345492513e+26,4.848157605649064e+26,2.1274684207201803e+27,1.350268110698189e+27,1.495648459546044e+27,8.912472179874565e+26,-8.889341602273264e+26,2.3793240192379024e+27,2.004228930702487e+27,2.0802385339481938e+27,1.9366581894376916e+27,2.2998924409148712e+27,1.4364044499924933e+27,1.6570966023614955e+27,1.4061317814937866e+27,1.2742646790206217e+27,-9.0901402605091e+26,-1.4858707407323207e+27,-2.9920198863502187e+26,-1.0886654670102961e+27,-4.317402020220051e+27,-2.681018076501413e+27,-4.4570069403599257e+27,-2.6403442102625454e+27,-3.010791820137258e+27,-1.2434327433841635e+27,-4.845281884499401e+26,-1.1137789757514273e+27,5.1836335046323275e+26,-2.9566157332240216e+26,-1.7646571784708107e+27,2.7850830940091647e+27,3.4774713534082676e+27,-4.0768551284168516e+27,2.2788552253150768e+27,4.255437125260884e+27,-6.1836959410181435e+25,3.473642587958841e+27,4.694895500458513e+26,3.25538826626242e+26,6.52007436723111e+27,1.9217221530702142e+27,4.008907221548805e+27,3.4414487791256824e+27,5.533554730713248e+27,5.9548436081330665e+26,-1.2397343220670427e+28,-8.412729791992655e+26,-1.60349516683442e+27,-5.7224358570127085e+26,-1.7707649364179952e+27,8.864861743434164e+27,-5.382372080393224e+27,6.442698991965601e+27,-4.393641036241624e+27,-2.7276591966814925e+27,-3.119589461013205e+27,2.9729508423713354e+26,-1.770803411687667e+27,1.6248972756821714e+27,-2.513280520055331e+27,3.245498833750324e+27,3.1859899065103607e+27,2.59175198978681e+27,-2.67583551742774e+27,7.245164313694739e+27,1.0200197548165703e+28,-7.921372592013868e+27,-4.457279254975491e+27,-2.8667115546634484e+27,-3.015563893504219e+27,-3.8335432086715437e+27,4.7944292675321654e+27
8.451084940343512e+25,7.667286655472588e+26,1.9155259324557478e+26,6.20317666891796e+26,3.8156800843810854e+26,8.139288926009284e+26,5.188404409878538e+26,5.746367984682781e+26,1.0435409893728674e+27,8.673395788201027e+26,3.0702697011865218e+26,5.708078307302999e+26,5.730194094461491e+26,8.032888994915797e+26,1.3534511406274764e+27,8.276300568337279e+26,3.121170950093913e+26,6.285072149019365e+26,5.901190773604069e+26,9.664855479480491e+25,-1.5669956240921915e+26,-1.1217325878130854e+27,-1.26247656639437e+27,-1.4864858819434008e+27,-1.9905826051040337e+27,-1.4111605353545352e+27,-1.7441337644649746e+27,-3.741554030483451e+26,1.79122532201406e+27,1.2228509903452432e+27,-1.0182892597043164e+27,-3.1795065302477266e+25,8.241819271443402e+26,1.9940934829637882e+26,1.0904678060720795e+27,8.690506156322882e+26,1.498756614747016e+27,-1.1600850304851852e+27,2.0387108762451988e+27,-2.7621137369388504e+26,2.1075870649602668e+27,-3.195817504991341e+26,6.985602356689934e+26,2.805976540400679e+26,7.68968130584664e+26,2.7094504177812036e+26,3.694977575793961e+26,6.705639702144285e+26,4.676852584228856e+26,7.837746469892069e+24,-1.0347185337258207e+26,-2.721733399184061e+26,4.618019773835219e+26,9.28590070437738e+26,4.208986206585265e+26,-2.555757630501565e+26,2.51621211133519e+26,4.523721864694916e+26,9.873020769662112e+25,-8.627023461555918e+26,-6.940737446479605e+26,-7.505044598925246e+26,-1.349767034204219e+27,-2.1617598041840282e+27,-1.1075543359224739e+27,-9.51004088412198e+26,6.451525408556208e+26,-1.4763502178131373e+27,-7.451486463246205e+26,-8.72190968693762e+26,3.784184188352211e+26,7.838836329651684e+26,1.347329068070113e+26,1.1657812192239909e+27,1.4247776134954911e+26,-3.1968652456298135e+26,-2.1290839698412203e+27,1.45652383874516e+27,2.2154985411490172e+27,2.2397803074154283e+27,2.016355324371019e+27,1.9795067985543901e+27,2.5997483702219977e+27,1.9217221530702142e+27,2.8641911052595334e+27,2.3567397170360123e+27,3.8905840986970233e+27,3.594644791572096e+27,3.6014933649526745e+27,-4.4989940976529334e+27,5.741912717387627e+26,-1.4623968862253992e+26,6.724947459052276e+26,-3.0785834585768246e+26,-1.343408040122962e+27,1.874953175429905e+27,-5.493653144188025e+26,1.095691358136638e+27,2.069885571742556e+26,1.7644811443886963e+26,-1.2311938204099134e+27,-1.4682848602910671e+26,-1.1118808319009497e+27,4.0462211782983084e+26,-1.3829319354182104e+27,-1.35277480025569e+27,-1.30123312851282e+27,2.241997645507873e+25,-2.3653602232068615e+27,-2.6455652507809437e+27,4.1614120770145e+25,-3.517239287432533e+26,-8.595129720482094e+25,4.2627012732560106e+26,1.141617650417151e+27,-1.6689332284232172e+27
3.158605912032261e+26,2.099947150526758e+27,4.294940418897406e+26,9.192838138742448e+26,5.1335781765321865e+26,9.195629001391219e+26,2.8241582204883456e+26,3.4255950914363466e+26,6.620072840025901e+26,5.8751954779490744e+26,7.867591077387218e+25,1.547451538446055e+26,1.85382889609939e+26,4.3999725043035134e+26,8.568850312218882e+26,4.1649502779518515e+26,-6.822496014341056e+25,2.2281357843301305e+26,2.5266452271428066e+26,-2.0614855587042855e+26,-7.931013478120227e+26,-1.1512473742254552e+27,-1.2019883202344132e+27,-1.363842778935429e+27,-2.568938209805683e+27,-1.7669421571487617e+27,-2.665924070438422e+27,1.155683403228986e+27,1.1685287471872648e+27,8.485055006876916e+26,-1.0334333750714541e+27,5.653645132849545e+26,9.849156177396378e+26,6.341476516660472e+26,2.885307093348884e+27,2.844188452677535e+26,3.996821885907717e+26,-2.4194307560512493e+27,1.584084842286497e+27,2.3935150378453287e+26,4.7430432801933655e+26,-1.6725856181526777e+26,1.072137611378784e+27,3.35654770655015e+26,8.213935901255487e+26,8.854014193658474e+26,7.901160229397178e+26,1.1294278332319522e+27,7.378313134378371e+26,-2.3226162827217244e+26,5.330022896627915e+26,2.491455954158118e+26,1.0951735834394752e+27,1.578985932922867e+27,1.1412793308735219e+27,2.263637682130606e+26,7.916579625887876e+26,9.162875375901401e+26,5.6021172848425765e+26,-1.1667416186909543e+27,-1.2298414453426069e+27,-7.245480903468607e+26,-1.4301939717899637e+27,-3.4513936344706564e+27,-1.9172799539885032e+27,-2.822390719318803e+27,-1.0325659712802697e+27,-2.4756978183916013e+27,-1.2468260140696853e+27,-9.246854670281309e+26,-3.994934541421822e+26,8.945701902703806e+26,1.1475904947387895e+26,-4.763265707290161e+25,1.0109983743346002e+27,8.358185707998932e+26,-3.3997519595284494e+27,2.1525286182167287e+27,3.066525253854332e+27,1.6016653833229742e+27,2.6519113144141055e+27,1.7222278534492407e+27,1.7926624441164818e+27,4.008907221548805e+27,2.3567397170360123e+27,3.4980153373677893e+27,3.6178477169255556e+27,4.969480229875891e+27,2.2591876182753797e+27,-7.765804244256773e+27,-6.713638511928544e+25,-1.0509637134533026e+27,1.0338241843068238e+26,-1.235250423694963e+27,3.556056477740832e+27,-1.693011205227471e+27,2.633569622009298e+27,-1.653369960216801e+27,-1.1055993708060758e+27,-1.6324430453232766e+27,-4.749187869719588e+26,-1.1575891232462584e+27,2.294157499290507e+26,-1.258848767464189e+27,9.733337394092809e+26,1.0850115546358188e+27,7.024474327581615e+26,-1.4387549289735542e+27,2.4120205508664722e+27,3.1916399950360495e+27,-3.609644086858866e+27,-2.3378410336520797e+27,-1.4514750297456642e+27,-1.3044305863645694e+27,-1.3798146096186673e+27,1.6193009264432736e+27
4.449958458075971e+26,1.995006233635966e+27,2.0053605285771577e+26,7.972829829554547e+26,4.684768527417769e+26,1.1687623415489583e+27,4.923953542476447e+26,6.0608705895754995e+26,1.2691247060927265e+27,1.0324888433798619e+27,2.1283807461242877e+26,4.127892765722342e+26,4.5377018139218056e+26,8.952040400827066e+26,1.7158579599996767e+27,9.504020178406516e+26,2.682054274008506e+26,6.962533963352533e+26,6.851810108548106e+26,-2.3298288843473074e+24,-2.9161513161923757e+26,-1.6124764417247448e+27,-1.821237451571152e+27,-2.1926793764262582e+27,-3.153814264583023e+27,-2.1302815668169478e+27,-3.049749215490238e+27,2.898366821926673e+26,2.314162158377404e+27,1.5868693387158815e+27,-1.568972550303233e+27,2.8471680334160198e+26,1.316328153278194e+27,3.946571218114001e+26,2.3185274083317407e+27,6.94437738966489e+26,1.7571549775446993e+27,-1.818611803512892e+27,2.732975596991071e+27,-6.893325335616374e+25,2.2204914107705035e+27,-3.0433944212866566e+26,9.0745735307739e+26,3.452129980859747e+26,1.0638021048023208e+27,6.447598707083189e+26,6.546993072936784e+26,1.1064962062124767e+27,7.495336700425299e+26,-1.4653002041241751e+26,2.9926508077359386e+26,5.600727269659255e+25,8.96114875210191e+26,1.5174881013821276e+27,8.89001477007858e+26,-1.1060889259720825e+26,5.794988398185333e+26,8.164562896055679e+26,3.3484805239085546e+26,-9.71970633793104e+26,-9.828351439421268e+26,-9.750099054625064e+26,-1.9508992829863976e+27,-3.372913209340805e+27,-1.7015292295969064e+27,-1.8953792357823783e+27,3.972975349119578e+26,-2.383952109598837e+27,-1.142777930898187e+27,-1.2111554664671178e+27,3.297106491580638e+26,1.0974406724547872e+27,1.1719007449034247e+25,1.0334673433821323e+27,7.109804639427069e+26,3.294855131729362e+26,-2.989080094025673e+27,2.2296656924670372e+27,3.559255298407485e+27,2.706204596495593e+27,3.2000332743908493e+27,2.449346644748457e+27,3.129715087432476e+27,3.4414487791256824e+27,3.8905840986970233e+27,3.6178477169255556e+27,5.566113449020083e+27,5.407310593875061e+27,4.887348347487952e+27,-8.11715873349044e+27,4.2853281644835e+26,-4.028359037366505e+26,6.471632470482652e+26,-6.40302227729361e+26,9.863213598708949e+25,1.4117589838157406e+27,7.32882438025177e+26,6.50690191926902e+26,-4.4722552932121166e+26,-2.320827962444419e+26,-1.4169131405404005e+27,-4.392847744196657e+26,-9.351449486145588e+26,1.536965644257873e+26,-1.0271247489965252e+27,-1.2074556640866031e+27,-1.018176913901841e+27,-5.0058862680484405e+26,-1.676727651568292e+27,-1.416409217038415e+27,-1.4206581761213908e+27,-1.2663869214341511e+27,-6.352553571612733e+26,-2.3048639099134936e+25,7.37123374438544e+26,-1.2420167634274588e+27
3.019148127944989e+26,2.670918523679831e+27,5.360809140410603e+26,1.241743304784451e+27,6.758187088245933e+26,1.3170014097223282e+27,4.553830933339377e+26,5.3401394226243736e+26,1.0441416482916984e+27,9.187280165110612e+26,2.2742521222271143e+26,2.7604508407432133e+26,2.845032708765152e+26,6.786191295255472e+26,1.3590428819450418e+27,6.461842448237943e+26,-1.639701327198729e+26,3.3589438258997866e+26,4.0233303342421474e+26,-3.6021118791000965e+26,-1.2769804197689463e+27,-1.8726987784644228e+27,-1.963971146122302e+27,-2.2197514516915008e+27,-4.0758473895844875e+27,-2.849780887212925e+27,-4.213927761713531e+27,1.8984281243768294e+27,1.83609788440887e+27,1.349500790766541e+27,-1.6775328384668167e+27,8.910155737000509e+26,1.4723122682279627e+27,8.512576437840426e+26,4.2624220988238524e+27,5.821612319922593e+26,6.409883157613331e+26,-3.7492663600006216e+27,2.464609336502441e+27,1.6315154706556058e+25,1.4208677768724107e+27,-4.194932088232149e+26,1.4810679288722093e+27,5.412146548026579e+26,1.2572263143400467e+27,1.0450008589592898e+27,9.508854802795315e+26,1.4454509692121723e+27,9.36411578324365e+26,-1.7739693040405895e+26,6.240927611562121e+26,2.8712078690835624e+26,1.373939939687844e+27,2.0914120937868136e+27,1.4469266522897284e+27,2.4569794473441024e+26,9.79378602352154e+26,1.141171968626954e+27,6.55620650361421e+26,-1.879653813477639e+27,-1.9920535659921877e+27,-1.2187613989094262e+27,-2.1357176604838718e+27,-5.234781971663999e+27,-3.056438221593813e+27,-4.060604842077665e+27,-9.109856638107519e+26,-3.398360822928477e+27,-1.7631681830241082e+27,-1.4730950635909865e+27,-2.6971950395667144e+26,1.3710442962159033e+27,4.341550311241527e+26,7.951247914789823e+26,1.164178546722135e+27,1.07852075282044e+27,-5.260112131526906e+27,2.998019722697143e+27,4.608412219338506e+27,3.1222159390042347e+27,3.857821257641495e+27,3.0829952740608006e+27,2.7313842757043083e+27,5.533554730713248e+27,3.594644791572096e+27,4.969480229875891e+27,5.407310593875061e+27,7.330001259513417e+27,3.532869325274956e+27,-1.1185036000728543e+28,-2.1012181844057125e+26,-1.3745207745417415e+27,6.3076547888945705e+25,-1.689454394707295e+27,5.009537670224572e+27,-1.3962475959360343e+27,4.0122582449559085e+27,-1.6437054095166583e+27,-1.8222010383694812e+27,-2.056491309723672e+27,-6.330932482524439e+26,-1.5034671304312113e+27,4.6473187184127055e+26,-1.5718860544875721e+27,1.4151980786437913e+27,1.31264365563049e+27,1.1408933557557985e+27,-1.520692784740322e+27,2.808145660347477e+27,3.771857363228993e+27,-5.063937985837426e+27,-3.4724025422898336e+27,-2.2055460040768574e+27,-1.910984801804965e+27,-1.878107777511125e+27,2.0435307463995003e+27
-1.833692585581933e+26,-5.6195101293843646e+25,-4.088466850996312e+26,-4.02703235445645e+25,-2.7835678762120685e+26,-2.304303258376676e+26,1.2685778120014694e+27,1.1169431854726174e+27,1.660422283924811e+27,1.1442417824801772e+27,1.1013850629235604e+27,1.4745646175976724e+27,1.404567298487043e+27,1.5982838254722078e+27,2.3835469196236936e+27,1.8214260911937728e+27,1.8238662759723924e+27,1.9022797171977245e+27,1.6323494377290154e+27,1.5921134406354115e+27,2.831547797684374e+27,-4.891534102225079e+26,-8.666354660959457e+26,-2.1736526388303867e+27,-2.523137529343339e+27,-5.724774965692659e+26,-2.5531944309834444e+27,-3.2143630983410166e+27,3.19652801724227e+27,1.6429333363015003e+27,-4.2249436316268356e+26,-2.0813554546642467e+27,-1.623202799497707e+26,-1.590704394141635e+27,-3.177502105910122e+27,1.9369502812949143e+27,4.4019272837234547e+27,3.5047411557932146e+27,2.6021107335263673e+27,-7.843277411214657e+26,3.442468884395837e+27,-4.510783246487706e+26,1.3448281114274702e+26,2.1837883734241613e+26,8.309757317830117e+26,-4.5868153874018664e+26,1.0538569501352278e+26,7.235812058644108e+26,4.5802077948097e+26,6.291266198274438e+26,-8.860174401871159e+26,-4.880975221546911e+26,4.523895716175054e+26,1.1809294519320561e+27,6.630350824060415e+26,1.5280115770087084e+26,7.170327586959602e+26,8.145718167255921e+26,7.640931927161465e+26,1.853741307692367e+27,2.944423993983513e+26,-1.3208948114244318e+26,-1.825311987455174e+27,-2.4547352596386e+27,1.1826352908688952e+25,-2.0342198996696527e+27,-1.7533029974439405e+26,-1.8893019400272896e+27,-7.688052029240054e+26,-8.511962889944916e+26,2.02195164038008e+26,8.432806494397732e+26,-2.831769686519486e+26,2.257557512207134e+26,-1.30669728625792e+27,-7.737635625266306e+25,1.6885218798069517e+27,1.5227778989802663e+27,-1.4992846624451895e+27,1.3595277125565943e+27,-4.065156754488622e+25,1.6586318932127735e+27,3.3689452942647624e+27,5.9548436081330665e+26,3.6014933649526745e+27,2.2591876182753797e+27,4.887348347487952e+27,3.532869325274956e+27,9.505038425633292e+27,-5.929714640763324e+27,8.852859132264256e+26,-6.0284941866299536e+26,7.442123748640917e+26,-9.75339555017758e+26,-5.782676438790243e+27,1.2542106181331426e+27,-3.4101951425818966e+27,4.869862143599342e+23,1.1935136314201027e+26,-7.492522847335769e+26,-2.4592672805766266e+27,-7.586262610853802e+26,-1.7875616270286966e+27,-2.9020012331251062e+26,-1.791004371295642e+27,-1.297630151356727e+27,-4.371964755484386e+27,-1.1898460353731301e+27,-3.6849064809218165e+27,-4.5454736311210785e+27,-2.7522848149073927e+26,-1.671191542254285e+27,-1.3939080312179077e+27,-6.619557679042987e+26,6.532653777580003e+26,-1.8805563708553395e+27
-2.3779883165478992e+27,-8.665516060958208e+27,3.116543871818049e+26,-5.585268342221767e+26,-4.466486144102428e+25,-1.3737091550380805e+27,8.00186047065324e+26,2.35915647936743e+26,-8.04975151575047e+26,-5.4850358088348145e+26,1.185973651296262e+27,2.7481285842570306e+27,2.5438722203624904e+27,1.0783874437612936e+26,-1.5079557348678125e+27,-1.2319986200297077e+26,1.0166391548092382e+27,9.94425513003132e+25,-2.8007391651353632e+26,7.470497536627167e+26,1.1880106563737218e+27,2.3306844972663685e+27,2.778618172073652e+27,4.0159010831566386e+27,8.050736647860512e+27,4.3032463720132586e+27,9.948648166816052e+27,-5.618027519402369e+27,-2.1806451510661061e+27,-1.5587148356008855e+27,2.9916113703520996e+27,-1.8006479906327987e+27,-2.4460590479315367e+27,-5.055660069944335e+26,-7.270821532292158e+27,2.831196419927916e+27,8.72533232173813e+26,4.299599011551785e+27,-3.171017215073802e+27,-1.6987445561292208e+27,2.727027309544896e+27,-4.0191401712873716e+26,-7.865968943791799e+26,-1.3983962774394054e+26,-9.986110415789743e+26,-3.770365517086153e+27,-2.2837885676791536e+27,-2.82909068288537e+27,-1.6042872721647359e+27,1.4462605470727433e+27,-5.056654973329655e+27,-4.886139870656547e+27,-4.1337357701766515e+27,-3.814993492425746e+27,-4.8985183282419694e+27,-3.6051243955520837e+27,-3.7498180738101554e+27,-2.959979197807519e+27,-3.15013080015535e+27,-1.007778936271549e+27,2.1800936793113628e+27,5.4456071924425285e+25,2.632506357388179e+27,9.370054969601827e+27,4.704919521496704e+27,1.037056406486889e+28,5.439346876341385e+27,6.170906293380165e+27,2.3096886959276766e+27,1.0508000484177965e+27,1.8854412353623204e+27,-1.0125117202604276e+27,9.660982904962398e+26,3.732903483164481e+27,-5.146694558689007e+27,-8.747534934256784e+27,4.764650127699037e+27,-4.318739914215389e+27,-6.68409362862893e+27,3.690102806180593e+26,-5.954088979568446e+27,-7.230806679631834e+26,-1.3342073847816712e+26,-1.2397343220670427e+28,-4.4989940976529334e+27,-7.765804244256773e+27,-8.11715873349044e+27,-1.1185036000728543e+28,-5.929714640763324e+27,2.9383148069916193e+28,2.2448210697540174e+27,3.456036104813863e+27,1.6369705037079455e+27,4.092034253682392e+27,-1.6614421351167372e+28,1.0941829944229818e+28,-1.3322312659160373e+28,9.450837189320635e+27,7.037429932758433e+27,6.953556081385961e+27,-1.5935615233551764e+26,3.89779379350457e+27,-3.83206250147882e+27,5.504404165892756e+27,-7.329081095377577e+27,-6.634869555613094e+27,-3.974516913061819e+27,5.906423922441954e+27,-1.4187444840494211e+28,-2.0951212369280547e+28,1.8041024629915943e+28,1.111420551902162e+28,7.583866676288157e+27,7.70370086898379e+27,8.907383795330298e+27,-1.0180031158633553e+28
-2.567437673464763e+26,-9.559455451763258e+26,2.4019205830273176e+26,2.647181130350101e+26,2.5962714137659944e+26,2.3091866221041403e+26,3.289974774663768e+26,2.9634625353017538e+26,3.7363495600716994e+26,3.126380236793149e+26,1.8666180877265737e+26,6.894740112952745e+26,7.236195146257775e+26,4.551201283816418e+26,4.322973076171567e+26,4.747525356409159e+26,6.880641818916534e+26,5.1062702330124484e+26,3.366603620138336e+26,5.083701060327142e+26,7.82749859806755e+26,4.0405554265846184e+26,3.1102420180636385e+26,3.0071566857668052e+26,1.0723591084751365e+27,8.872456245848925e+26,1.6602338285628128e+27,-2.347306619598246e+27,5.90157159848969e+26,3.5420021100932605e+26,2.744629598529297e+26,-6.42442502047788e+26,-4.755374933667871e+25,1.1339110879804321e+26,-1.2681946056995005e+27,7.18792749872207e+26,1.1298425721580621e+27,1.271831249255783e+27,3.903851229635743e+26,-1.3410770071654757e+26,8.845638460083084e+26,-4.1544571184487115e+25,2.2208127644883732e+26,2.7643790177300722e+25,7.696176622132491e+25,-2.1044876339993602e+26,-2.2607827538461135e+25,1.6995389608017145e+25,3.565646354427217e+25,5.759569906108127e+25,-6.568969592295785e+26,-7.709128352325973e+26,-1.4260886439485472e+26,3.013148959646205e+25,-2.0083618781232948e+26,-3.276645396857267e+26,-9.527711860283247e+25,8.650787511576664e+24,-8.664398163104348e+24,1.787303290530076e+26,4.482327370170469e+26,1.1161341263589915e+26,-2.018026555969667e+26,4.552710993928029e+26,8.92121943966052e+26,5.2824906707857856e+26,1.9886623089052722e+26,-1.1698997784913963e+24,-3.7128176064252815e+25,-6.926206272845372e+25,5.480711898534599e+25,8.338740141657604e+25,2.1580229252651875e+25,2.6557861936947318e+26,-4.6901580355530145e+26,-1.338097774070551e+27,8.436658402780771e+26,5.59124761310058e+25,-4.572939007162975e+26,1.7947263815783298e+26,-9.135591104633233e+25,2.6223567415143785e+26,1.2721377308129845e+27,-8.412729791992655e+26,5.741912717387627e+26,-6.713638511928544e+25,4.2853281644835e+26,-2.1012181844057125e+26,8.852859132264256e+26,2.2448210697540174e+27,1.4448420010606426e+27,-4.734405106956035e+25,1.3088832480678463e+27,-9.323793823304265e+25,-4.6105663827223074e+27,1.397649500503964e+27,-4.042451718905885e+27,8.204864438832929e+26,2.3351235854424775e+27,2.7999422468453684e+26,-1.4374700476580226e+27,-3.900890856472536e+25,-2.1933809419784832e+27,3.955448582825607e+26,-2.596851251657944e+27,-1.4577232122621612e+27,-2.3606116399564161e+27,2.0722195733911365e+26,-3.189097618268375e+27,-4.269257096993423e+27,2.930340050431075e+27,1.5842898942365433e+27,1.0865766250539474e+27,1.4127193926027066e+27,2.019609839563844e+27,-2.4348045478142448e+27
-5.523011676713391e+25,-7.242458577459346e+26,-1.0192301420337013e+26,-1.7757237430651694e+26,-3.87674442030579e+25,8.37948434275523e+24,-1.3565516162243597e+25,-2.252506954014346e+25,-3.5000417494512915e+25,-1.6743292647572983e+25,1.0886700903079142e+25,1.4695137342042755e+26,1.4657069167500781e+26,-2.306281382596404e+25,-8.118065457273895e+25,-4.7880524309842375e+25,-1.0433292679192115e+26,-9.126520033026198e+25,-8.395077137635328e+25,-1.6062352976401952e+26,-2.792865187607309e+26,-1.968523780558618e+26,-1.1415656681582068e+26,9.61703723568844e+25,3.847281006423521e+26,-1.5533775114292066e+26,6.26546641216581e+26,9.376831606721657e+25,-1.3270783397598215e+26,-4.239251351101141e+25,-2.880163878995918e+25,1.5416155129702305e+26,-1.2212041338603858e+24,2.4603925788043626e+25,-2.0853062754179612e+26,1.3599573618247424e+26,7.300964980687549e+25,-2.4498552209785678e+26,-8.323179708155313e+25,-2.0364477513589203e+26,7.321412790673986e+26,-3.3977725222114395e+25,-2.514636444905835e+26,-6.08876157361192e+25,-9.270302666240867e+25,-4.168707333687262e+26,-2.9844299495519743e+26,-3.8589371606448326e+26,-2.06404157511549e+26,7.954994541470978e+25,-4.6069175158762026e+26,-4.9234155850755844e+26,-5.899509426649852e+26,-6.183067907130701e+26,-7.697189969261967e+26,-7.018197582339742e+26,-6.8092791772826e+26,-5.037251081644736e+26,-7.332832078347037e+26,-5.929105757149614e+26,-5.5044332316564125e+25,-4.739381817800405e+26,2.2152256592768258e+26,1.2471909564296113e+27,9.255588530399957e+25,2.1739913914328462e+27,1.8770786234055765e+27,1.0378364130696147e+27,4.449677410142491e+26,9.304192871694407e+24,7.92096165687347e+26,-1.2702061492556585e+26,3.3118371427464596e+25,1.1756708753846485e+27,-4.264076444261759e+26,-1.0788509617100642e+27,-5.313293817947611e+25,-6.286582130301555e+26,4.764649131577957e+25,7.215227054143632e+26,-2.0302396038852693e+26,1.137612890567193e+26,1.0936908786599832e+26,-1.60349516683442e+27,-1.4623968862253992e+26,-1.0509637134533026e+27,-4.028359037366505e+26,-1.3745207745417415e+27,-6.0284941866299536e+26,3.456036104813863e+27,-4.734405106956035e+25,1.1785738734361069e+27,-5.313010967994562e+25,1.3043348469157123e+27,-1.8310178094448795e+27,3.0909821926579087e+27,-9.100813716696544e+26,2.784476501183393e+27,4.074629269010166e+26,2.1157013845431296e+27,2.538766708941978e+26,1.3139335822698723e+27,-1.4523350838638806e+26,1.7469210096938285e+27,-1.0431388032903306e+27,-1.7922885705206278e+27,-7.175877458146044e+25,1.6222978872408388e+27,-3.0256706011774375e+27,-3.8277571609006355e+27,2.864623049422011e+27,1.7997169165956152e+27,1.272659472653266e+27,1.428484242354627e+27,1.797548838902947e+27,-2.174476250009343e+27
-1.4909550855711087e+26,-6.363560043953138e+26,2.2419855019316423e+26,2.673821975727378e+26,2.5946919706310904e+26,3.1370238637668394e+26,2.472728165778945e+26,2.3401518056440355e+26,3.3540028247840916e+26,2.8473709690888444e+26,1.159941351285164e+26,5.647722646604665e+26,6.140024130806286e+26,3.785697341926276e+26,3.81085439284132e+26,3.862313000158354e+26,5.387049027264746e+26,3.7302627434093225e+26,2.219347546489333e+26,2.8567719492075674e+26,5.805965271083745e+26,2.301834995869166e+26,1.2066265354555101e+26,2.240806336481031e+26,9.959469747524443e+26,7.409778894158783e+26,1.5344043722361561e+27,-1.809039193152232e+27,5.2596858042536306e+26,3.411873208507102e+26,6.34755755711879e+25,-3.149186666933039e+26,1.1049379235807143e+26,2.2719161973560525e+26,-6.810737789886888e+26,5.6895393086556044e+26,1.0097862886141394e+27,9.039924848341551e+26,4.469313391078258e+26,-8.097636139367302e+25,8.62607626594984e+26,-3.0881224924658667e+25,2.2402831827042917e+26,2.9893294373941388e+25,1.1562847736763984e+26,-1.4299036999984944e+26,6.30997351294391e+24,6.296969036811844e+25,6.309592229428691e+25,1.1343944037383664e+25,-5.352157631040569e+26,-6.800053107028495e+26,-9.297954197526894e+25,9.36826554524266e+25,-1.5079482576463131e+26,-3.3207680331311555e+26,-6.686106391370426e+25,4.372888364659255e+25,5.257980863429631e+24,6.340626165706e+25,4.222047315281733e+26,6.542165319949238e+25,-3.0334126461870224e+26,3.549665241345205e+26,8.47838905453114e+26,5.190974984004676e+26,2.6733906570973495e+26,-1.0782027803244432e+26,-8.681328329159492e+25,-1.3419562039083764e+26,9.16963390780648e+25,1.2820726330047789e+26,2.1988522604484015e+25,3.541777612370289e+26,-3.0188928262369454e+26,-1.2082729956105079e+27,5.9794954598895195e+26,1.4938382295737622e+26,9.349871039609167e+25,3.3351430105194416e+26,2.4560397732760615e+26,3.688695051578706e+26,1.2219484621483903e+27,-5.7224358570127085e+26,6.724947459052276e+26,1.0338241843068238e+26,6.471632470482652e+26,6.3076547888945705e+25,7.442123748640917e+26,1.6369705037079455e+27,1.3088832480678463e+27,-5.313010967994562e+25,1.3094621482965045e+27,-1.0321466433372359e+26,-4.0187614310548273e+27,1.5167565870537617e+27,-3.503294276644062e+27,9.336014462559956e+26,2.1942916361243555e+27,3.3514006065415036e+26,-1.2893137132126862e+27,-3.4401357805893793e+25,-2.060801281356087e+27,4.8674368495262926e+26,-2.54799830367575e+27,-1.570842821727744e+27,-1.9738179436284716e+27,2.5591846949230454e+26,-3.140543286677152e+27,-4.0537054892620584e+27,2.828933778617916e+27,1.6795370964192675e+27,1.25692072605858e+27,1.569251383076624e+27,2.1254158020752373e+27,-2.483810870653714e+27
-6.697326260223964e+25,-7.938230396616817e+26,-7.683295105007292e+25,-1.720491606689548e+26,-2.5060122915171637e+25,-5.858382753344804e+24,-3.8591989773563298e+25,-4.79555418444098e+25,-9.144978612389215e+25,-5.585167947495283e+25,-1.5068303416964107e+25,1.3240817258197297e+26,1.3446816197198102e+26,-6.279730448862825e+25,-1.7203152920041278e+26,-9.844346527975748e+25,-1.550370925405445e+26,-1.4878484368346191e+26,-1.3807871053813978e+26,-2.1919479240862772e+26,-3.862224137669597e+26,-2.2297551111044993e+26,-9.704017815724157e+25,1.9964829111346423e+26,5.54827386032674e+26,-1.65305663684599e+26,8.401221013628991e+26,1.71438382682611e+26,-2.6284800968708132e+26,-1.161611024151852e+26,1.9627806075750642e+25,2.0552984646066566e+26,-3.476754420335931e+25,6.3669727439892476e+25,-1.902812861346463e+26,1.05334358487859e+26,-3.970610180493266e+25,-3.522480931453223e+26,-2.0222134772128805e+26,-1.6527224953856958e+26,5.836090164848934e+26,-4.6458193990849243e+24,-2.561997048954708e+26,-7.766385496925882e+25,-1.5117435018207472e+26,-4.0986494414564805e+26,-2.981780090615306e+26,-4.1663523240580856e+26,-2.2535493285584144e+26,5.9556364617681e+25,-4.702663521310968e+26,-5.215852335716408e+26,-6.130745303866544e+26,-6.763505645550683e+26,-8.101686808474858e+26,-7.437356690327551e+26,-7.068323988020723e+26,-5.1896088679824814e+26,-7.526930326394295e+26,-6.877288116214574e+26,1.6067803088667438e+25,-4.4130604519815006e+26,2.967733565102428e+26,1.5962137476391617e+27,1.672524497498875e+26,2.6010270646653644e+27,1.9377089985673812e+27,1.1654568208600153e+27,5.147967259545279e+26,1.0759560971382482e+26,7.523235220531164e+26,-1.9512604020845823e+26,-2.931914460932134e+24,1.08343677099206e+27,-4.2186466215426026e+26,-1.1862594110743481e+27,-3.1610762284791893e+25,-7.317710722880633e+26,2.60138030950808e+25,5.201830154473401e+26,-2.7309330605179473e+26,-6.138962688868915e+25,1.1249771261905112e+25,-1.7707649364179952e+27,-3.0785834585768246e+26,-1.235250423694963e+27,-6.40302227729361e+26,-1.689454394707295e+27,-9.75339555017758e+26,4.092034253682392e+27,-9.323793823304265e+25,1.3043348469157123e+27,-1.0321466433372359e+26,1.513930326172409e+27,-1.884791874765551e+27,3.219869341250811e+27,-9.668300212876562e+26,2.9801844461563535e+27,4.8242390397571665e+26,2.3793056617862312e+27,3.935187389979044e+26,1.474716525133147e+27,-1.1434540758489359e+26,1.9883135540492342e+27,-1.1497678470954991e+27,-1.992924387732117e+27,2.927104613878099e+25,1.72769580352176e+27,-3.1971288115686997e+27,-4.045155003857947e+27,3.276800080958144e+27,2.2034226190557807e+27,1.6159156780065263e+27,1.7394838887429123e+27,2.0638086684849742e+27,-2.3920525158894324e+27
1.6423058650306072e+27,6.79605279351867e+27,7.083548501383653e+25,2.831123744832454e+26,-4.904866893395574e+25,6.100782020479931e+26,-1.9273381874663414e+27,-1.5136785582068667e+27,-1.5485506266876895e+27,-1.1785950113119935e+27,-1.644746961259525e+27,-3.7509616606710865e+27,-3.724987737801917e+27,-2.134519606057318e+27,-1.806664056660734e+27,-2.2100784925100572e+27,-3.261008757976261e+27,-2.4207582716631e+27,-1.6728907140223638e+27,-2.498120293583069e+27,-4.5580927047729605e+27,-1.7131310134604632e+27,-1.487540192492645e+27,-1.2392245297202137e+27,-5.173587689195124e+27,-3.9348350900866176e+27,-7.292295571053447e+27,1.0170277724548332e+28,-2.3364499428911303e+27,-1.0114954638995881e+27,-1.8244100348933558e+27,3.838900134609679e+27,1.5927707321694464e+27,1.650487531068902e+27,9.770499748756833e+27,-4.070875725053532e+27,-6.278034802161899e+27,-8.130631148693103e+27,-1.0201786587931967e+27,1.806395803281944e+27,-6.109311773756719e+27,5.094979030661505e+26,4.986644155944071e+26,6.739184123596682e+25,1.268007010560786e+25,2.7750865822790327e+27,1.3038520684153554e+27,1.177984672551092e+27,6.1717248211661525e+26,-1.2168259004051086e+27,4.4835965198989847e+27,4.334418732706955e+27,2.2515656863477617e+27,1.541122064913257e+27,2.617498535016814e+27,2.4663526593243402e+27,1.6807333859475567e+27,1.0888148116499455e+27,1.1221617234722965e+27,-1.6551793156975767e+27,-2.86769639671715e+27,-3.9773397825168416e+26,1.937672182680202e+26,-5.299301784656003e+27,-5.097307319513009e+27,-6.396317271684994e+27,-4.00353951833598e+27,-2.573793266793225e+27,-1.0711666918944324e+27,-5.844177042271578e+25,-1.6821167182012116e+27,1.0872057076328105e+26,-1.0564392133254218e+26,-3.020292897297286e+27,4.585518971444044e+27,7.369189571533956e+27,-6.696868327603943e+27,1.7326955986042662e+27,6.105900263875875e+27,-1.3091198714830764e+27,3.9137246679903517e+27,-8.540683429172637e+26,-4.7263557343524096e+27,8.864861743434164e+27,-1.343408040122962e+27,3.556056477740832e+27,9.863213598708949e+25,5.009537670224572e+27,-5.782676438790243e+27,-1.6614421351167372e+28,-4.6105663827223074e+27,-1.8310178094448795e+27,-4.0187614310548273e+27,-1.884791874765551e+27,2.4393898170707125e+28,-1.1329158088248028e+28,1.8609089396698404e+28,-8.097378367352496e+27,-8.782188090982899e+27,-4.802143620179498e+27,4.6561803831122356e+27,-2.087960819730536e+27,7.959235961585267e+27,-4.633104480011231e+27,1.1396104512263522e+28,8.84024971784242e+27,1.069264079116751e+28,-3.5685548969709683e+27,1.9056770474927495e+28,2.5348287791173495e+28,-1.699646605555263e+28,-9.214236844998246e+27,-6.311562052197167e+27,-7.602085901283295e+27,-1.0652464067829213e+28,1.339401531274657e+28
-9.887491621705403e+26,-4.001747515347965e+27,1.4886635192659321e+26,1.6154141561622333e+26,4.1501599428016505e+26,7.104621815244185e+26,9.129209509245711e+26,7.142881757280704e+26,9.164730474040613e+26,8.152412002851906e+26,8.779262327216708e+26,2.2006593829812533e+27,2.170494261721905e+27,9.794834239935456e+26,9.861594132245163e+26,8.689102479378335e+26,6.223776648038686e+26,5.877369374203742e+26,3.8228447750563286e+26,-1.001096298762491e+26,-3.680617438851879e+26,-1.3565787879255288e+27,-1.2171644658501035e+27,-5.376307400673213e+26,8.116099430074742e+26,-8.651386145996005e+26,2.3953028696063448e+27,-1.5958665351850848e+27,1.2425164765274368e+27,9.47915165353624e+26,-6.078619980532463e+26,1.858694987227103e+26,4.143286036818483e+26,4.348466153422726e+26,-6.527396521129138e+26,2.4945798294451364e+27,2.6229754323749916e+27,-7.201913805467124e+26,1.3586957047854523e+27,-1.746236592520352e+27,6.339261105094927e+27,-7.931727741909665e+26,-8.481498726603094e+24,2.122409814207623e+26,5.575166711937728e+26,-2.1903847561345105e+27,-1.2227685603679779e+27,-1.1590478638867701e+27,-5.8072571946455506e+26,8.210300309354474e+26,-3.226765883701353e+27,-3.458100066578773e+27,-2.2934677313263178e+27,-1.5436449521534397e+27,-2.9043936474559736e+27,-3.1404913874024204e+27,-2.4130261078020165e+27,-1.6119234879162348e+27,-2.3960477213805763e+27,-2.937801205581417e+27,-5.209844602530258e+26,-2.08684586805877e+27,-8.83815668395793e+26,2.2206343826283403e+27,2.2945326752837016e+26,6.307916904076548e+27,7.260295100594583e+27,2.275460725356347e+27,5.690627028759663e+26,-1.1709421919132426e+27,3.195597335137091e+27,5.796219631482982e+26,1.225537159740647e+27,7.047326762785846e+27,-2.8026353445028653e+27,-6.123870001790016e+27,-1.65777497829647e+27,-9.518566944560569e+26,1.400453877563245e+27,6.24724283818792e+27,4.6343288623951774e+26,3.8809847071150493e+27,3.69154143834537e+27,-5.382372080393224e+27,1.874953175429905e+27,-1.693011205227471e+27,1.4117589838157406e+27,-1.3962475959360343e+27,1.2542106181331426e+27,1.0941829944229818e+28,1.397649500503964e+27,3.0909821926579087e+27,1.5167565870537617e+27,3.219869341250811e+27,-1.1329158088248028e+28,1.4452014964768145e+28,-7.010841467051283e+27,1.1488177527710076e+28,3.60995570742028e+27,6.931878277220445e+27,-1.0593572900322663e+27,3.6043055107964505e+27,-3.0386119652844536e+27,6.149932411952035e+27,-6.712880130556664e+27,-8.193510249708033e+27,-2.541335394016053e+27,6.398218960381363e+27,-1.54631659734886e+28,-2.0091770106619402e+28,1.2722735736736452e+28,7.268836042366731e+27,5.358233405931736e+27,6.478536957167393e+27,8.734564106204532e+27,-1.0843214729818028e+28
1.3408313659425327e+27,5.21636497533682e+27,-2.727480289775577e+26,-6.581149710470856e+25,-2.5970082543934534e+26,3.816180021356223e+26,-1.4189601224342666e+27,-1.1030071329968186e+27,-1.0309835623763012e+27,-7.970080576853671e+26,-1.1363281171684326e+27,-2.8851465483790573e+27,-2.8974425120187516e+27,-1.5709354653192546e+27,-1.1465690358124799e+27,-1.6216175499838943e+27,-2.6233739422217873e+27,-1.84490000729679e+27,-1.218342258094821e+27,-2.0427894121678424e+27,-3.58724508094113e+27,-1.7461684991835058e+27,-1.588475796485735e+27,-1.499456378078542e+27,-4.7405803609437693e+27,-3.637483330747605e+27,-6.530951250583666e+27,8.448972675552409e+27,-1.4924522590596397e+27,-5.976639341217153e+26,-1.7656022768169162e+27,3.052132333297743e+27,1.3220156720400642e+27,9.164398450830536e+26,7.467433300153378e+27,-3.0299347479904706e+27,-4.514998294924943e+27,-6.473884610568778e+27,-3.900602375247493e+26,1.0631505934670785e+27,-3.7234328500941163e+27,2.3457065684381235e+26,1.0511336879982163e+26,6.954089679091265e+25,1.3464878034988704e+26,1.8730199519533198e+27,8.096618069028835e+26,7.543577657825831e+26,3.8873551037848636e+26,-7.764287238619532e+26,3.349621056902605e+27,3.345008488497534e+27,1.4983520185447957e+27,9.73131343601531e+26,1.7547040472890784e+27,1.690918352809633e+27,1.0533821447171496e+27,6.330922833305055e+26,5.91094619617851e+26,-1.3906009618552527e+27,-2.3576177626936514e+27,-5.9421484421755176e+26,-3.1239208593171154e+24,-4.1362816424092526e+27,-4.241665051699975e+27,-4.4383789073274475e+27,-2.0178624605340003e+27,-1.7179958762260493e+27,-6.911235103083338e+26,-2.1563193033918202e+26,-7.305166887806185e+26,1.695035167058767e+26,-4.5553843076603637e+24,-1.370602793840256e+27,3.2485002897555787e+27,5.681561535444454e+27,-5.378515246455546e+27,1.2142375683791723e+27,4.8895123678268367e+27,-7.274601431867029e+25,3.051308805651457e+27,-1.2181971866049024e+26,-3.460654265800168e+27,6.442698991965601e+27,-5.493653144188025e+26,2.633569622009298e+27,7.32882438025177e+26,4.0122582449559085e+27,-3.4101951425818966e+27,-1.3322312659160373e+28,-4.042451718905885e+27,-9.100813716696544e+26,-3.503294276644062e+27,-9.668300212876562e+26,1.8609089396698404e+28,-7.010841467051283e+27,1.5033349265959318e+28,-4.8582107678578945e+27,-7.538936923442862e+27,-2.810814206865425e+27,3.8626117189646884e+27,-1.0530919735564509e+27,6.628082985011265e+27,-2.8017399366919226e+27,8.893819628488097e+27,6.086080540423553e+27,8.398587586339955e+27,-1.9645076720527683e+27,1.3388511400149017e+28,1.8189305911969338e+28,-1.2852543836811115e+28,-7.102238632682959e+27,-4.856968942128448e+27,-5.750010120231344e+27,-7.871422630413866e+27,9.656638853516821e+27
-6.587761092975991e+26,-2.953354956402285e+27,1.1535246058649214e+26,8.670131213820319e+25,3.207825773522279e+26,5.686175121644431e+26,5.4835026766566226e+26,4.147483349984238e+26,5.196872486149093e+26,4.910808811706659e+26,5.363636499577432e+26,1.5203742415231104e+27,1.5111083918593272e+27,5.6987568860655474e+26,4.994829700832565e+26,4.608876236854375e+26,2.3804111229275608e+26,2.2264924602507076e+26,1.0338414671685006e+26,-3.0429664609374147e+26,-6.72466934285853e+26,-1.1294983653195528e+27,-9.451754758991947e+26,-2.5208543262546128e+26,7.853126663401483e+26,-8.02436711298612e+26,2.0089257679980994e+27,-6.587588600092446e+26,6.048469593016239e+26,5.450821004316026e+26,-4.7157225581924836e+26,4.352857700514669e+26,3.6090211217105005e+26,4.866521617477219e+26,-6.970098163803858e+25,1.672891422352444e+27,1.587952075872195e+27,-1.0696706428957514e+27,7.854853563254702e+26,-1.2042123499275622e+27,4.510832626428748e+27,-5.251723541136015e+26,-7.145464818988135e+25,1.1506521756939707e+26,3.360454732016269e+26,-1.6613343968248293e+27,-9.57473909697638e+26,-9.663507305524264e+26,-4.7959733376969875e+26,5.4661854841217193e+26,-2.4147567673641892e+27,-2.647277412090742e+27,-1.8765378014594814e+27,-1.3515243360725847e+27,-2.4202221426438613e+27,-2.6094570686762566e+27,-2.0575156670167846e+27,-1.3728649306979293e+27,-2.0962153556978733e+27,-2.5993006389970205e+27,-4.7611898044656235e+26,-1.7748210285699556e+27,-4.948929022149205e+26,2.2315986851168733e+27,9.610011220153445e+25,5.633131192843059e+27,6.00501580373006e+27,2.083082509819761e+27,5.832572049192995e+26,-8.307345307814536e+26,2.5933429384490905e+27,3.483948878328216e+26,8.60321045739286e+26,5.435120811949618e+27,-2.0074081121959375e+27,-4.8181270223610787e+27,-1.5309658863129454e+27,-9.323854095158967e+26,1.340427957962447e+27,4.6930189564854844e+27,4.126300574606954e+26,2.7079017262002556e+27,2.484003862820767e+27,-4.393641036241624e+27,1.095691358136638e+27,-1.653369960216801e+27,6.50690191926902e+26,-1.6437054095166583e+27,4.869862143599342e+23,9.450837189320635e+27,8.204864438832929e+26,2.784476501183393e+27,9.336014462559956e+26,2.9801844461563535e+27,-8.097378367352496e+27,1.1488177527710076e+28,-4.8582107678578945e+27,9.406989463196736e+27,2.6049294229611207e+27,5.975993245601373e+27,-3.794709475037954e+26,3.2230253907691857e+27,-1.9827064876807734e+27,5.213061714287621e+27,-5.006627317943382e+27,-6.533682651267542e+27,-1.3493509032197496e+27,5.277670911053104e+27,-1.1927081360812395e+28,-1.5490771365843067e+28,1.024775657083392e+28,6.092233239610743e+27,4.5208330743614107e+27,5.318894602947254e+27,6.954723812859822e+27,-8.486159059338257e+27
-5.526488028682485e+26,-2.2789251290406778e+27,3.9490692015920124e+26,3.1112911927604535e+26,3.927228625942902e+26,2.180488867023211e+26,4.973576909691708e+26,4.016582175182104e+26,3.718883337546495e+26,3.374043136693156e+26,3.0408140861845912e+26,1.2577303929479224e+27,1.3217305401976115e+27,6.0881440365760777e+26,3.162027096215937e+26,5.8565563396827446e+26,1.032454878088573e+27,6.1476749745536845e+26,3.125819356508271e+26,6.149663193507012e+26,1.128663749869114e+27,7.529069672278693e+26,7.035944281116262e+26,1.060562321704433e+27,2.884793633746347e+27,1.8435877891408583e+27,4.013509100930352e+27,-3.7878678092484433e+27,4.140528119946387e+26,2.2523063273887657e+26,6.961360188787419e+26,-8.846078485045395e+26,-2.9881307978354046e+26,2.1281490921744875e+26,-2.4262185291234734e+27,1.2258058979327411e+27,1.6754467076766552e+27,2.1728131094689662e+27,1.0141284728028506e+26,-2.6976790511154245e+26,1.420777696527557e+27,-2.188142174988259e+25,1.8879151018579016e+26,-2.860551836946064e+25,-6.886458649883943e+25,-6.610899444729695e+26,-2.5542392848258013e+26,-2.811918623657488e+26,-1.2373921795136347e+26,1.552267236300601e+26,-1.4784575310742472e+27,-1.699253962860878e+27,-6.425930792951797e+26,-3.965240976232329e+26,-8.30446703889906e+26,-9.4626291106217e+26,-5.361068764324618e+26,-2.8461805466219748e+26,-3.401505794114497e+26,4.127515161473954e+25,1.0631209620678803e+27,2.1035913760999442e+26,-1.0168731625510997e+25,2.1547296287062698e+27,2.1044667210875572e+27,2.4690054554289217e+27,1.003188917251413e+27,7.535020476291018e+26,2.5071708281963625e+26,7.227194374780464e+25,2.875414678266691e+26,-6.577716164391468e+25,5.743488004675891e+25,7.405383377450868e+26,-1.1266036900214895e+27,-3.0667996703898305e+27,1.8453689326923145e+27,-4.751447116011447e+26,-1.1590084831567624e+27,1.3029659490321443e+26,-7.196147435565548e+26,1.082856471946e+26,1.7510960594823253e+27,-2.7276591966814925e+27,2.069885571742556e+26,-1.1055993708060758e+27,-4.4722552932121166e+26,-1.8222010383694812e+27,1.1935136314201027e+26,7.037429932758433e+27,2.3351235854424775e+27,4.074629269010166e+26,2.1942916361243555e+27,4.8242390397571665e+26,-8.782188090982899e+27,3.60995570742028e+27,-7.538936923442862e+27,2.6049294229611207e+27,4.483280680405547e+27,1.5074158031321273e+27,-1.945828066698318e+27,5.1656373252500476e+26,-3.7379311355308655e+27,1.5551610643847768e+27,-5.018185038374004e+27,-3.354328193823929e+27,-3.7397906460322535e+27,1.1278790019650256e+27,-6.776417330693594e+27,-9.112987897015288e+27,7.083826106302567e+27,4.383150848640895e+27,3.2066645814852174e+27,3.6460036799035356e+27,4.601979025769387e+27,-5.277546208264771e+27
-2.471487384092206e+26,-1.6591533467997625e+27,-1.8538057836467155e+25,-1.065424835969073e+26,1.04299968214462e+26,2.22838871822363e+26,1.5927006520931614e+26,1.0512081795532643e+26,1.1135033470703594e+26,1.2754631007963369e+26,1.5963145528624745e+26,6.741685770408658e+26,6.875180696609067e+26,1.5908907502475133e+26,3.8089401578143527e+25,9.100329271615652e+25,-8.43100912410127e+24,-3.8310562255625776e+25,-8.385130826442318e+25,-2.9284928383708584e+26,-4.9428643667559854e+26,-5.828774044579209e+26,-4.139808422327576e+26,1.0538584325472517e+26,8.85893277486863e+26,-3.4722669113599026e+26,1.5851226940809064e+27,-1.6855267862455855e+26,7.90870026451925e+24,9.763300158030237e+25,-1.5462016114443854e+26,3.418025243843703e+26,1.2252794028043708e+26,2.4856947857985806e+26,-1.9639593206922215e+26,6.766303525559744e+26,6.382502968547907e+26,-5.5492065841690226e+26,1.2834471695861499e+26,-5.172443132411122e+26,2.088337714516162e+27,-1.6078638504938934e+26,-2.4250541712628385e+26,-3.8257003286579114e+25,-7.168031040550563e+24,-9.3048059109698e+26,-5.7595451238197325e+26,-6.65953810533407e+26,-3.384963005605708e+26,2.207044167794469e+26,-1.2810710715568836e+27,-1.4306269843570463e+27,-1.1805749392721433e+27,-1.0185215102998865e+27,-1.5517642328530767e+27,-1.6133648964710697e+27,-1.3275260150910485e+27,-8.96376164812287e+26,-1.3730006888934276e+27,-1.4548952379661406e+27,-1.997417505581472e+25,-9.742187385724988e+26,2.5298548521099963e+25,2.3136253082825113e+27,3.598481824204549e+26,4.391267112142004e+27,3.7863568683661433e+27,1.703506693339472e+27,6.378777879963952e+26,-2.072474116725303e+26,1.5506180278250343e+27,-3.7815047233411897e+25,2.39791165068408e+26,2.762671242880784e+27,-1.047430004371313e+27,-2.812410217594387e+27,-4.027335828655586e+26,-9.272917522742064e+26,5.415742867550428e+26,2.0200412665367553e+27,-3.099099286693572e+25,8.440410726102589e+26,9.599927045454249e+26,-3.119589461013205e+27,1.7644811443886963e+26,-1.6324430453232766e+27,-2.320827962444419e+26,-2.056491309723672e+27,-7.492522847335769e+26,6.953556081385961e+27,2.7999422468453684e+26,2.1157013845431296e+27,3.3514006065415036e+26,2.3793056617862312e+27,-4.802143620179498e+27,6.931878277220445e+27,-2.810814206865425e+27,5.975993245601373e+27,1.5074158031321273e+27,4.2436882015341946e+27,1.3138789236455243e+26,2.423003192271853e+27,-9.569630557335506e+26,3.6634190253668784e+27,-3.0124736733366086e+27,-4.2484478063024374e+27,-5.904895628822362e+26,3.322741281443471e+27,-7.274621909399425e+27,-9.308730673307282e+27,6.77040718193636e+27,4.3248327784145717e+27,3.234070625752028e+27,3.630857187702487e+27,4.516514641309524e+27,-5.349279344050807e+27
1.4958890640314757e+26,5.587585817721248e+26,-1.2897505615454638e+26,-2.355817427369183e+26,-1.9566843018647636e+26,-2.5135619556282936e+26,-4.246320953727835e+26,-4.049457104142753e+26,-6.13562883421902e+26,-4.719601593207647e+26,-2.6133773536128943e+26,-6.99274625795119e+26,-7.269288697585706e+26,-6.266877368575356e+26,-8.184165075166468e+26,-6.972199331513724e+26,-8.570795098463654e+26,-7.52575661714039e+26,-5.786775962299208e+26,-7.196894437165876e+26,-1.1603467934447187e+27,-3.196348144955556e+26,-1.2744231894791746e+26,1.8964981640265996e+26,-3.730686793777467e+26,-7.002855625658427e+26,-8.024549126743604e+26,2.564662535646312e+27,-1.12376329137754e+27,-6.514846084244917e+26,-8.621411040145345e+25,8.928714286134525e+26,-4.743748538494654e+25,1.1043574262929933e+26,1.459557058560065e+27,-7.945770398928709e+26,-1.6296128003439429e+27,-1.678615887265008e+27,-8.745844135010969e+26,1.7788954810627683e+26,-1.2283054422041269e+27,9.053348072732122e+25,-2.226907463978722e+26,-5.990346154696934e+25,-2.2349423199087648e+26,1.319775392468207e+26,-5.593849189345978e+25,-1.9220481521289837e+26,-1.4004703402475708e+26,-8.320885582099295e+25,5.199204036941452e+26,5.6430236846696484e+26,-5.067036416280552e+25,-2.905308935752614e+26,-5.352306359451042e+25,1.4167830365770435e+26,-1.2127658560714098e+26,-1.9785717778670005e+26,-2.0011891707029913e+26,-5.948573382840409e+26,-4.8705744973097325e+26,-1.5503638213529432e+26,4.9438360328839413e+26,1.9630432999175096e+26,-7.808040732746601e+26,2.0579695007129233e+26,4.752016171698164e+25,4.3276778661318136e+26,1.8517736153633745e+26,1.95287651613203e+26,-2.5851646238631853e+25,-2.2277576833147958e+26,6.887977149815692e+25,-1.218077394320339e+26,4.13202108919122e+26,8.830277383641419e+26,-1.0385470563764264e+27,-3.788950008821377e+26,4.4650953824265854e+26,-2.912262000969768e+26,-1.3427920236347734e+26,-4.715059933276547e+26,-1.6375581516502214e+27,2.9729508423713354e+26,-1.2311938204099134e+27,-4.749187869719588e+26,-1.4169131405404005e+27,-6.330932482524439e+26,-2.4592672805766266e+27,-1.5935615233551764e+26,-1.4374700476580226e+27,2.538766708941978e+26,-1.2893137132126862e+27,3.935187389979044e+26,4.6561803831122356e+27,-1.0593572900322663e+27,3.8626117189646884e+27,-3.794709475037954e+26,-1.945828066698318e+27,1.3138789236455243e+26,1.7886349415637407e+27,2.9637097569126272e+26,2.2268449754846542e+27,-9.627500961600395e+25,2.4446709563603502e+27,1.300372179071568e+27,2.821582101985881e+27,2.0735570133459567e+26,3.0175628419587614e+27,3.844179641958148e+27,-1.9680601997141998e+27,-7.408427120482906e+26,-4.3234655305277634e+26,-8.56077382771881e+26,-1.610513745746903e+27,2.1679369410960043e+27
-7.588804614503785e+25,-8.407541041846597e+26,-8.370565944408221e+25,-1.6767611428094602e+26,-1.3106670481420338e+25,4.34674385137516e+25,-1.235566207674744e+25,-2.164892401333924e+25,-3.496549250861095e+25,-1.1473471037327388e+25,5.715386640552087e+24,1.807666415269643e+26,1.8475965066795313e+26,-2.0008563501057354e+25,-9.213954394399704e+25,-5.167640535268963e+25,-1.2127990679220171e+26,-1.0891968135218581e+26,-1.0362439058318971e+26,-2.0727795098912187e+26,-3.656251285761525e+26,-2.8042688560300524e+26,-1.7417144792166277e+26,9.989453142130581e+25,4.325659841053542e+26,-2.2837953024299772e+26,7.425161393711195e+26,1.4666639542916967e+26,-1.5168718524588975e+26,-3.877077010657777e+25,-5.3937786840705265e+25,2.2092241086109468e+26,2.2334921893565212e+25,8.233547048636396e+25,-1.300104828271261e+26,1.6408064281726764e+26,7.632091609135559e+25,-3.7610621928064257e+26,-8.389100731213445e+25,-2.3053203272989634e+26,8.506971764982492e+26,-3.9093102345389476e+25,-2.5580872518674908e+26,-6.6717775416630976e+25,-1.0647658438391776e+26,-4.503364488626968e+26,-3.2281063501020316e+26,-4.2786077954421626e+26,-2.3079909746376932e+26,7.7299407559965365e+25,-5.2222591432380364e+26,-5.7596187225791846e+26,-6.426218251627804e+26,-6.850089686514769e+26,-8.4127681549173e+26,-7.820571554607016e+26,-7.359062589517149e+26,-5.4722451223454596e+26,-7.872468450593449e+26,-7.35582026544083e+26,-7.2633908191109335e+25,-5.271581023477923e+26,2.0926320503943204e+26,1.393791807013142e+27,8.442771205730611e+25,2.4925896534209764e+27,2.1331100023061814e+27,1.1435437577059532e+27,4.9060517813025715e+26,1.3156315110947433e+25,8.827063766204334e+26,-1.465036876584524e+26,6.124945172116879e+25,1.389146030666197e+27,-4.639625269768324e+26,-1.2578765602035184e+27,-1.506921040960728e+26,-6.990084169824577e+26,1.6352660818878002e+26,8.602585119063913e+26,-1.670609151418693e+26,1.7443678570228935e+26,1.6689654766106504e+26,-1.770803411687667e+27,-1.4682848602910671e+26,-1.1575891232462584e+27,-4.392847744196657e+26,-1.5034671304312113e+27,-7.586262610853802e+26,3.89779379350457e+27,-3.900890856472536e+25,1.3139335822698723e+27,-3.4401357805893793e+25,1.474716525133147e+27,-2.087960819730536e+27,3.6043055107964505e+27,-1.0530919735564509e+27,3.2230253907691857e+27,5.1656373252500476e+26,2.423003192271853e+27,2.9637097569126272e+26,1.4854070154428266e+27,-1.9860620202464476e+26,2.0356795813984432e+27,-1.266337950982557e+27,-2.1214886014382618e+27,-4.4248476062555105e+25,1.8903977799056593e+27,-3.537803024088828e+27,-4.450867383737072e+27,3.3548483321470473e+27,2.1552238924131542e+27,1.5626657444587877e+27,1.7428804655213222e+27,2.1584635912235447e+27,-2.576304397037691e+27
3.827621624252924e+26,1.5637351205658902e+27,-3.0357853685607216e+26,-3.5044738141766804e+26,-3.658693736848561e+26,-3.513367540444529e+26,-5.523028432180546e+26,-5.0403828581546576e+26,-6.717944498340147e+26,-5.4904951641873165e+26,-3.297111078621815e+26,-1.1290805138263412e+27,-1.180537957774232e+27,-7.761489668154266e+26,-7.933865878431037e+26,-8.12169123904763e+26,-1.0715268712963238e+27,-8.31320608162259e+26,-5.651371946624013e+26,-7.265251333924936e+26,-1.2441472183413364e+27,-4.3268243030926985e+26,-2.7942736376402138e+26,-3.254353290700876e+26,-1.7080925143954468e+27,-1.2765050468589395e+27,-2.630655701084345e+27,3.6286506953155914e+27,-1.0623006957054395e+27,-6.416037811269577e+26,-3.049916849499458e+26,9.943146806045184e+26,5.122576253477786e+25,-7.7650462820484e+25,2.1184760766043952e+27,-1.2042061681640399e+27,-2.0180773285436187e+27,-2.041729825258827e+27,-7.750143747699497e+26,2.8045664248705084e+26,-1.7231442060999127e+27,8.497042346221143e+25,-2.7123174587767305e+26,-3.0598367239331208e+25,-1.3586865210472329e+26,4.25277330030198e+26,9.011002130113342e+25,1.0645579365296184e+25,-3.8075521598585096e+25,-1.2458339040941887e+26,1.117743560352507e+27,1.2794997465524808e+27,3.1006104435473506e+26,1.4240526675206382e+25,4.228296408842921e+26,6.460146118331187e+26,2.281200750482132e+26,2.4151440578074427e+25,8.475136994876492e+25,-2.796829989670289e+26,-8.827343625163627e+26,-1.6453026186648153e+26,3.881635814225635e+26,-1.0676481864599251e+27,-1.6016886481732276e+27,-1.398995627425851e+27,-6.933806708853836e+26,-1.1694864301535807e+26,-1.5783775979365149e+25,1.1728295629332736e+26,-2.4116611407412875e+26,-1.3113340881607237e+26,1.996989647489418e+25,-6.155121144264317e+26,8.517781677850845e+26,2.2765355257223644e+27,-1.4915972625406007e+27,-2.1922387399388493e+25,6.570532261114686e+26,-4.046313949492681e+26,1.3194268405325961e+26,-4.615868160059063e+26,-2.1709271044609337e+27,1.6248972756821714e+27,-1.1118808319009497e+27,2.294157499290507e+26,-9.351449486145588e+26,4.6473187184127055e+26,-1.7875616270286966e+27,-3.83206250147882e+27,-2.1933809419784832e+27,-1.4523350838638806e+26,-2.060801281356087e+27,-1.1434540758489359e+26,7.959235961585267e+27,-3.0386119652844536e+27,6.628082985011265e+27,-1.9827064876807734e+27,-3.7379311355308655e+27,-9.569630557335506e+26,2.2268449754846542e+27,-1.9860620202464476e+26,3.5612623515007453e+27,-1.1427711786277829e+27,4.552756985707069e+27,2.991473953379619e+27,3.915482976791241e+27,-6.22008594113107e+26,6.080258625807378e+27,7.893875869038846e+27,-5.399759956720677e+27,-3.115081407650342e+27,-2.2806876404379594e+27,-2.8248633546132693e+27,-3.8794677953385974e+27,4.643828111850826e+27
-1.6126363376457498e+26,-1.312223877027864e+27,1.2316968191564892e+25,-4.406213701837556e+25,1.3730506980960573e+26,2.8357281848972346e+26,1.4974879859697683e+26,1.1974306881154239e+26,1.7895952895056154e+26,1.6930769969748708e+26,1.0503977286569386e+26,5.924131470548127e+26,6.271105929258978e+26,2.045026811808576e+26,1.5264890809380449e+26,1.609143973176502e+26,8.445805187363243e+25,4.228282641997185e+25,-1.8819075649481387e+25,-2.2896502517018008e+26,-3.047557841479857e+26,-5.9459478044410326e+26,-4.7297894368070654e+26,-2.0047060944789916e+25,7.552156274372701e+26,-3.091930537995017e+26,1.4187541608779446e+27,-2.9039347396897478e+26,1.7618439006376937e+26,1.9532900572970406e+26,-2.279762000553093e+26,3.107442865717896e+26,1.956596904180583e+26,2.7134180275095946e+26,-1.0048679931723928e+26,5.7881227215423225e+26,7.714819189805441e+26,-3.447112174312276e+26,2.8381719888652733e+26,-3.977703351657418e+26,1.8788693627741953e+27,-1.1017027197267094e+26,-1.7733231145367756e+26,-4.694056199184409e+25,-2.3094712885477278e+23,-6.975022471919116e+26,-4.209908589021129e+26,-4.88750189305806e+26,-2.458800099605578e+26,1.3082409538988205e+26,-1.0286834663997686e+27,-1.1876510525410098e+27,-8.827995852846546e+26,-7.711672309930867e+26,-1.17552417382508e+27,-1.2879407196247444e+27,-9.802051158092897e+26,-6.449973747213983e+26,-1.0009083034966022e+27,-1.1196460725558989e+27,1.388294006956054e+26,-7.148145219167642e+26,-1.2385680079236555e+26,1.9687383759953746e+27,4.653856475711627e+26,3.78720610706575e+27,3.1797964620537075e+27,1.3083449036022295e+27,5.260198514582978e+26,-1.5173481142976538e+26,1.2790666835344448e+27,-3.948305090961314e+25,1.3972880804760552e+26,2.3055478095921905e+27,-7.939999590329223e+26,-2.3759209719547322e+27,-1.7903787933379446e+26,-7.148473357108825e+26,6.831441190598076e+26,1.6529928299727e+27,1.8143002807939094e+26,7.190174857582013e+26,1.044974372511771e+27,-2.513280520055331e+27,4.0462211782983084e+26,-1.258848767464189e+27,1.536965644257873e+26,-1.5718860544875721e+27,-2.9020012331251062e+26,5.504404165892756e+27,3.955448582825607e+26,1.7469210096938285e+27,4.8674368495262926e+26,1.9883135540492342e+27,-4.633104480011231e+27,6.149932411952035e+27,-2.8017399366919226e+27,5.213061714287621e+27,1.5551610643847768e+27,3.6634190253668784e+27,-9.627500961600395e+25,2.0356795813984432e+27,-1.1427711786277829e+27,3.29481658304144e+27,-3.059434732501698e+27,-4.0479158842308527e+27,-7.983035310572059e+26,2.826739157743712e+27,-6.790213469386764e+27,-8.475649509975117e+27,6.128283368939477e+27,4.0073271581014936e+27,3.0871964563355457e+27,3.488247171088628e+27,4.334073076620526e+27,-5.092987077273165e+27
5.3714222261065974e+26,2.5028531277656016e+27,-3.3098573601469446e+26,-3.4277684815825665e+26,-4.571587668726495e+26,-4.9307802186852276e+26,-7.072922864910486e+26,-6.242612073140259e+26,-8.181918118126967e+26,-6.804937818160835e+26,-4.483500930110702e+26,-1.603022891529302e+27,-1.6782042672048287e+27,-9.640702780769995e+26,-9.216260611975944e+26,-9.717450895310812e+26,-1.2351692759433378e+27,-9.18988530897494e+26,-5.8531896665062765e+26,-6.406796261625773e+26,-1.2379775876175316e+27,-1.3799532539462313e+26,-4.266551213630466e+25,-3.926526246775981e+26,-2.431078185326849e+27,-1.2953163220321868e+27,-3.798740762556817e+27,4.109294770478604e+27,-1.2140341130067722e+27,-7.65884091141365e+26,-2.2606603623406744e+26,8.98270272834162e+26,-8.17366399220627e+24,-1.9487127220895542e+26,2.4448763566729192e+27,-1.6748370022373703e+27,-2.6853789761994773e+27,-2.1379008744105682e+27,-9.58765918277824e+26,5.510590141143131e+26,-2.949309869026909e+27,1.6097493797512793e+26,-1.8556319682788275e+26,-6.549640347493535e+24,-1.419165973521097e+26,8.919110422586146e+26,3.5046697619235035e+26,2.9280492617684616e+26,1.0483239932851553e+26,-2.365607442871895e+26,1.8464638828331939e+27,2.1014998725393983e+27,8.383889082173397e+26,4.3886061523337375e+26,1.1111902976868543e+27,1.4120880367341082e+27,7.686016340102243e+26,3.6880055224965e+26,5.962247734327938e+26,2.5632078358995525e+26,-1.1510487546725447e+27,1.3128576459259513e+26,5.07108133639505e+26,-2.3551587405389018e+27,-2.1646370543087968e+27,-3.653692952501464e+27,-2.431889659106433e+27,-8.36610993662978e+26,-2.98282516149101e+26,2.003929825475313e+26,-9.255002000448195e+26,-1.1833397918198173e+26,-6.976561423225365e+25,-1.9250025474654708e+27,1.438351352596039e+27,3.8569134534269015e+27,-1.6692818688063738e+27,3.823223540071269e+26,4.247104278275617e+26,-1.3080992671026232e+27,1.3333745013585006e+26,-9.001507531011523e+26,-2.931666911571986e+27,3.245498833750324e+27,-1.3829319354182104e+27,9.733337394092809e+26,-1.0271247489965252e+27,1.4151980786437913e+27,-1.791004371295642e+27,-7.329081095377577e+27,-2.596851251657944e+27,-1.0431388032903306e+27,-2.54799830367575e+27,-1.1497678470954991e+27,1.1396104512263522e+28,-6.712880130556664e+27,8.893819628488097e+27,-5.006627317943382e+27,-5.018185038374004e+27,-3.0124736733366086e+27,2.4446709563603502e+27,-1.266337950982557e+27,4.552756985707069e+27,-3.059434732501698e+27,6.754630496368835e+27,5.562672297971891e+27,4.7275622357025417e+27,-2.211092742613833e+27,1.0492050435017866e+28,1.343209666879545e+28,-9.443463263064203e+27,-5.79952128780416e+27,-4.3935124243865904e+27,-5.174617354263373e+27,-6.754688383583452e+27,7.983170639060618e+27
2.9509843383243166e+26,1.9240210314861777e+27,-1.2220107074964355e+26,-1.3379030545229273e+26,-3.11752694437633e+26,-5.276980746726558e+26,-4.82419697065321e+26,-4.2189187540387376e+26,-6.216813597281695e+26,-5.186422083832855e+26,-3.182148549324135e+26,-1.2380928976153092e+27,-1.3097826076840299e+27,-6.733944292511366e+26,-7.081859495739382e+26,-6.536390478943332e+26,-6.842945285760697e+26,-5.1894004241114185e+26,-3.145448980963534e+26,-1.152782912248881e+26,-4.14176232298589e+26,5.759092238265231e+26,5.585392775206841e+26,1.1771614666870724e+26,-1.344252145056958e+27,-1.4982500790857295e+26,-2.4438193853990277e+27,1.9600958490511794e+27,-9.326719694666378e+26,-6.44727569476935e+26,2.6966456590251115e+26,9.686608587956143e+25,-2.9640704160133567e+26,-2.904546293319604e+26,9.523177715420232e+26,-1.2670234293373764e+27,-2.112627735485718e+27,-7.002744571799631e+26,-9.372564554787872e+26,5.983336825297844e+26,-3.1578428086200566e+27,1.9839809334019413e+26,3.313002231354238e+25,7.950598990719777e+24,-1.8125991435782242e+26,9.472874695055817e+26,4.645794168587206e+26,4.26786481119384e+26,1.8339670689055708e+26,-2.2252930209984166e+26,1.6494075183162443e+27,1.8917805277230765e+27,1.0120806056216832e+27,6.629046775970434e+26,1.3524451298333807e+27,1.6694273457923272e+27,1.0530596969531858e+27,5.9135156789550696e+26,9.945565087335867e+26,9.569140761045313e+26,-6.260584840693678e+26,6.80101193838582e+26,5.8873306988377985e+26,-2.289164484951463e+27,-1.2859648787939172e+27,-4.440504155690525e+27,-3.6989736699800704e+27,-1.1631721480946241e+27,-4.3805748660301203e+26,3.565251659232164e+26,-1.502960502244449e+27,-1.4565919400655975e+26,-1.4762471542474135e+26,-2.8770850491126206e+27,1.2526217534408884e+27,3.564185851854408e+27,-5.198922937026607e+26,5.252997402192261e+26,-6.861658485176851e+26,-2.235120103782396e+27,-3.9357719399663215e+26,-1.278212089999522e+27,-2.432560281201398e+27,3.1859899065103607e+27,-1.35277480025569e+27,1.0850115546358188e+27,-1.2074556640866031e+27,1.31264365563049e+27,-1.297630151356727e+27,-6.634869555613094e+27,-1.4577232122621612e+27,-1.7922885705206278e+27,-1.570842821727744e+27,-1.992924387732117e+27,8.84024971784242e+27,-8.193510249708033e+27,6.086080540423553e+27,-6.533682651267542e+27,-3.354328193823929e+27,-4.2484478063024374e+27,1.300372179071568e+27,-2.1214886014382618e+27,2.991473953379619e+27,-4.0479158842308527e+27,5.562672297971891e+27,5.926703841165332e+27,2.8276703232192325e+27,-3.22072396141255e+27,1.0436172694049914e+28,1.3050231635048197e+28,-8.984479365509317e+27,-5.66188044061633e+27,-4.3817315971673544e+27,-5.116740512761325e+27,-6.598968092315044e+27,7.842383751573448e+27
5.5158812059777496e+26,2.2812654001819397e+27,8.99035285975415e+25,6.195733271208687e+25,7.774693939937822e+24,2.702606234241174e+26,-9.387741386843355e+26,-8.216054333722487e+26,-1.0130413329153856e+27,-7.530928074387021e+26,-7.19446292934517e+26,-1.499896150437998e+27,-1.486362514670743e+27,-1.1851298576354686e+27,-1.2983129711133883e+27,-1.3005398257600423e+27,-1.720368649554294e+27,-1.4509823272391287e+27,-1.1079048380693041e+27,-1.5244653703361955e+27,-2.6435329856839905e+27,-9.869139190435126e+26,-7.290316667116594e+26,-1.955770354204692e+26,-1.7266808081012603e+27,-1.9095455169851315e+27,-2.467425659750799e+27,5.464120735986111e+27,-1.7049210659272325e+27,-8.207369104941615e+26,-7.962929173515903e+26,2.346319056749347e+27,7.03094650693129e+26,1.0640162277598661e+27,5.06043391023253e+27,-1.7345386499310633e+27,-3.219770319641015e+27,-4.427704852249215e+27,-9.935500866866294e+26,6.0022293116683384e+26,-2.262027398894133e+27,1.579740674872873e+26,1.1136126142280314e+26,2.1664174325133064e+25,-6.875336347693023e+25,7.500339663713107e+26,2.3895293738202587e+26,9.910450280365464e+25,2.8022518275809037e+25,-4.122716459110075e+26,1.4071548617472762e+27,1.2717600704851968e+27,3.8416320828746516e+26,1.180589113478237e+26,4.002036045312229e+26,4.076198362128696e+26,1.050143779532715e+26,-1.43810967655359e+25,-1.3325421446613458e+26,-1.6603691864753256e+27,-1.4841649996636005e+27,-6.0195868115572844e+26,2.5639806979787595e+26,-1.4066318503988508e+27,-2.2881050432647548e+27,-1.1535379913029837e+27,-2.9096624401631984e+26,-2.8957601781662506e+26,-2.2326248643985093e+26,-1.0581237260887045e+26,-1.6018318558068434e+26,5.8046177274057604e+23,2.9566736432715562e+26,3.939729355884329e+25,1.5915224560108065e+27,2.0981819258298515e+27,-3.583167858476246e+27,2.342448353988202e+26,3.137238736933889e+27,4.042323214381398e+26,1.6332149052255565e+27,5.811812835348156e+25,-2.3963767760377773e+27,2.59175198978681e+27,-1.30123312851282e+27,7.024474327581615e+26,-1.018176913901841e+27,1.1408933557557985e+27,-4.371964755484386e+27,-3.974516913061819e+27,-2.3606116399564161e+27,-7.175877458146044e+25,-1.9738179436284716e+27,2.927104613878099e+25,1.069264079116751e+28,-2.541335394016053e+27,8.398587586339955e+27,-1.3493509032197496e+27,-3.7397906460322535e+27,-5.904895628822362e+26,2.821582101985881e+27,-4.4248476062555105e+25,3.915482976791241e+27,-7.983035310572059e+26,4.7275622357025417e+27,2.8276703232192325e+27,5.860792113138179e+27,-6.218036487881963e+25,6.69437774436302e+27,8.742717575498877e+27,-5.274448678720586e+27,-2.4670618356321735e+27,-1.546138884007888e+27,-2.1488077305339524e+27,-3.481980851318154e+27,4.631249996125874e+27
-4.689176556524512e+26,-1.9616839756240123e+27,4.618473001333784e+25,-6.338875069280946e+25,1.357483362885954e+26,2.2501672262329453e+26,1.4846712369761e+26,9.098141456741938e+25,8.13366694787464e+25,1.2007475680156725e+26,2.001223307507363e+26,6.086106682908494e+26,5.821052649382565e+26,1.0749427376696558e+26,-3.738179426165007e+24,3.3417190767873617e+25,-1.3017911813669446e+26,-9.282769716903023e+25,-1.0532992386839353e+26,-3.358227197773387e+26,-7.435728346107683e+26,-5.842215535571262e+26,-4.46032773931312e+26,3.708232541337131e+25,5.2244574745261015e+26,-4.8011391285377376e+26,1.1577755706237942e+27,1.1559663135959666e+26,-5.756427894823996e+25,1.081950916519147e+26,-2.0379663952403667e+26,4.239550849132833e+26,1.2123366499775082e+26,3.453952645750947e+26,1.4741311411224263e+26,6.969834749768879e+26,2.221121372613875e+26,-1.0237566877015315e+27,6.07039292604283e+25,-7.505337298148001e+26,2.268176681747042e+27,-2.989323285320118e+26,-1.7601456720996397e+26,2.5301216111853727e+25,1.193608647877994e+25,-9.470308340846658e+26,-6.492800685853858e+26,-7.823303189702536e+26,-4.424804514904743e+26,2.9614637881746892e+26,-1.195475636019135e+27,-1.2870221749556958e+27,-1.16285192716763e+27,-1.0900707543517313e+27,-1.4470905009538103e+27,-1.3112475753113112e+27,-1.2342197135958732e+27,-9.720800277915961e+26,-1.2519116273370917e+27,-1.6067656666448145e+27,-4.667934720442745e+26,-9.543254871442866e+26,7.514866336236961e+25,1.3286997288317865e+27,-1.8033483058094295e+26,3.10727127000917e+27,3.5026005123512244e+27,1.5945210325876848e+27,5.281905606571503e+26,-3.090437651495457e+26,1.532252146092514e+27,4.886684239114518e+24,6.61424338837719e+26,3.3661207519134795e+27,-1.0913633089811502e+27,-2.4571797785021703e+27,-1.0831474830762381e+27,-9.306191195492332e+26,6.58972681296665e+26,2.6569413973053005e+27,-3.840988964089313e+25,1.4261891508575173e+27,7.696692711439537e+26,-2.67583551742774e+27,2.241997645507873e+25,-1.4387549289735542e+27,-5.0058862680484405e+26,-1.520692784740322e+27,-1.1898460353731301e+27,5.906423922441954e+27,2.0722195733911365e+26,1.6222978872408388e+27,2.5591846949230454e+26,1.72769580352176e+27,-3.5685548969709683e+27,6.398218960381363e+27,-1.9645076720527683e+27,5.277670911053104e+27,1.1278790019650256e+27,3.322741281443471e+27,2.0735570133459567e+26,1.8903977799056593e+27,-6.22008594113107e+26,2.826739157743712e+27,-2.211092742613833e+27,-3.22072396141255e+27,-6.218036487881963e+25,3.340104311995372e+27,-5.9926111267555e+27,-7.777284962048761e+27,5.284432965816431e+27,3.140603913548095e+27,2.272020162280446e+27,2.6336855799832764e+27,3.389878738042856e+27,-4.159866924281145e+27
1.1434084427350261e+27,5.183356499057537e+27,-1.1022279736025412e+26,-8.62471065568691e+25,-4.085923566615895e+26,-4.962259623959058e+26,-1.4018502163441413e+27,-1.1336708225676891e+27,-1.392247705838569e+27,-1.1430874888983936e+27,-1.1740078504526168e+27,-3.0867225380681377e+27,-3.117891959230117e+27,-1.6394145033072897e+27,-1.587630262144839e+27,-1.6038965169429875e+27,-1.8702288511576917e+27,-1.4537038117704924e+27,-9.674340891005164e+26,-8.921608630402591e+26,-1.721262969106719e+27,4.0972297490181795e+26,4.3916960691660434e+26,-3.071704720157267e+25,-2.893991285219405e+27,-1.0444452772070405e+27,-5.012842610578976e+27,5.468099215364087e+27,-2.0611702951968653e+27,-1.24479053472517e+27,-1.0818506903984506e+26,1.2755660792017918e+27,1.0052493295606572e+26,1.8503711230589415e+26,4.153327938089732e+27,-3.344357922270799e+27,-4.802824290461823e+27,-2.93112622011265e+27,-1.69055209980145e+27,1.775815684131101e+27,-7.045396341289675e+27,6.704474340661339e+26,1.6087773400676257e+26,-8.75522281802304e+25,-4.355717997514134e+26,2.5048292286759077e+27,1.2531689799729903e+27,1.116757350763815e+27,5.373951965151833e+26,-9.23687392973892e+26,4.0208147360123753e+27,4.240200413970021e+27,2.379696933510515e+27,1.5216964849697003e+27,2.9841383711292626e+27,3.302642509563579e+27,2.265013708013411e+27,1.4011352417068123e+27,2.0267954316368717e+27,1.3234648994136167e+27,-1.148690250325292e+27,1.2370788111762361e+27,9.714445358548008e+26,-4.038469540248553e+27,-2.6654878414059107e+27,-7.593223750025785e+27,-6.8683768075752e+27,-2.4425780593766386e+27,-8.01739983253688e+26,8.149713583675471e+26,-2.938283488048782e+27,-3.953040056792798e+26,-6.813136766210809e+26,-6.013917738950712e+27,3.580656477458749e+27,7.493202864937048e+27,-1.8277657550087103e+27,1.1921782769428945e+27,8.674637410365786e+26,-4.7870975527974683e+27,7.185545873387369e+26,-2.983838276109715e+27,-4.975271560829205e+27,7.245164313694739e+27,-2.3653602232068615e+27,2.4120205508664722e+27,-1.676727651568292e+27,2.808145660347477e+27,-3.6849064809218165e+27,-1.4187444840494211e+28,-3.189097618268375e+27,-3.0256706011774375e+27,-3.140543286677152e+27,-3.1971288115686997e+27,1.9056770474927495e+28,-1.54631659734886e+28,1.3388511400149017e+28,-1.1927081360812395e+28,-6.776417330693594e+27,-7.274621909399425e+27,3.0175628419587614e+27,-3.537803024088828e+27,6.080258625807378e+27,-6.790213469386764e+27,1.0492050435017866e+28,1.0436172694049914e+28,6.69437774436302e+27,-5.9926111267555e+27,2.0066277260049866e+28,2.591759625268299e+28,-1.7054956767758826e+28,-9.87892723618381e+27,-7.26825694806234e+27,-8.699922787591348e+27,-1.1722727368032961e+28,1.4409967268819746e+28
2.0703328663784832e+27,7.846536673469533e+27,-3.8471230583455654e+26,-3.395147721485202e+26,-6.173390795584775e+26,-4.145508935699952e+26,-2.2011827163446266e+27,-1.6841117181330947e+27,-1.8024879512154391e+27,-1.5070876366639828e+27,-1.992600559748281e+27,-4.7383590248402157e+27,-4.692126695287927e+27,-2.3024392827689643e+27,-1.965263172037445e+27,-2.1945113710919957e+27,-2.675286525131715e+27,-2.0307658122839772e+27,-1.3316325095801148e+27,-1.3998966604781795e+27,-2.3295581324771624e+27,2.9705614007059696e+26,2.2974820737534336e+26,-4.137923388779828e+26,-4.135255955167857e+27,-1.578993464923287e+27,-7.055454295574436e+27,7.721763553386415e+27,-2.516107329838598e+27,-1.441843163170841e+27,-6.284895263021366e+26,2.0549738616477167e+27,5.673349457304095e+26,3.389503447545121e+26,6.082589438261315e+27,-5.202960737242702e+27,-6.439940048766042e+27,-3.96947701471481e+27,-1.8550374892380174e+27,2.6618335177513873e+27,-9.607591790402446e+27,1.0991765961725782e+27,-1.1746320557852883e+26,-2.812429810289697e+26,-7.01327448741209e+26,3.8101685810667847e+27,1.835385006964158e+27,1.5881799452255733e+27,7.54345920741412e+26,-1.5907416390413762e+27,6.175526496967723e+27,6.405498838737379e+27,3.503144043970037e+27,2.0359405834794883e+27,4.361403852839245e+27,4.773667631806666e+27,3.3223622259569277e+27,2.0234310472739604e+27,2.961674715794127e+27,2.2119298106414803e+27,-1.195790806718688e+27,1.883124282128912e+27,1.2125146414261053e+27,-5.244255520601512e+27,-3.33939298115645e+27,-9.915972598845997e+27,-8.934686327601565e+27,-3.2544966069654937e+27,-8.55265775265733e+26,1.2500952044677934e+27,-3.7617839028560574e+27,-7.272336900354691e+26,-1.2637995573783262e+27,-8.195504335165757e+27,5.589870319703916e+27,1.09290488434797e+28,-1.9760651272877003e+27,1.4717138477234103e+27,2.083825119963102e+27,-6.747809637257032e+27,1.6644720501294752e+27,-4.4194205072036853e+27,-6.78083664416478e+27,1.0200197548165703e+28,-2.6455652507809437e+27,3.1916399950360495e+27,-1.416409217038415e+27,3.771857363228993e+27,-4.5454736311210785e+27,-2.0951212369280547e+28,-4.269257096993423e+27,-3.8277571609006355e+27,-4.0537054892620584e+27,-4.045155003857947e+27,2.5348287791173495e+28,-2.0091770106619402e+28,1.8189305911969338e+28,-1.5490771365843067e+28,-9.112987897015288e+27,-9.308730673307282e+27,3.844179641958148e+27,-4.450867383737072e+27,7.893875869038846e+27,-8.475649509975117e+27,1.343209666879545e+28,1.3050231635048197e+28,8.742717575498877e+27,-7.777284962048761e+27,2.591759625268299e+28,3.4562717779933145e+28,-2.279777876811325e+28,-1.2900200045313644e+28,-9.323218904142088e+27,-1.1098856569463633e+28,-1.4955128612049199e+28,1.8405112300486024e+28
-1.2677814565878924e+27,-5.428576112638284e+27,3.7509826319868866e+26,1.0226898056790135e+26,4.2901785752613244e+26,1.1988958210730892e+26,1.0163574185391115e+27,7.00999573498081e+26,5.079018145172089e+26,4.7419484983420436e+26,8.929425663571055e+26,2.741866311515236e+27,2.786050156707811e+27,9.850220949180853e+26,3.280778539172661e+26,8.566121130852007e+26,1.4706854932279423e+27,7.87995822989641e+26,3.25492366338821e+26,5.8827534135983026e+26,1.283795021096173e+27,4.243079979051843e+26,6.0349406820613566e+26,1.5695064677889914e+27,4.878807020411757e+27,2.1502206673377256e+27,6.964286718697505e+27,-5.014698840105845e+27,3.73122095995771e+26,1.6644087284955e+26,9.854091093856905e+26,-9.816044472606326e+26,-6.380208721607667e+26,1.4757391402960029e+26,-4.0918036895470344e+27,2.744549975748113e+27,3.2052264498978774e+27,2.8794974008159715e+27,-4.227968954598106e+25,-1.241549073115108e+27,4.618648298579505e+27,-3.517583713358434e+26,-1.5422725476688124e+26,-3.808193487238682e+25,-7.798305901897464e+25,-2.4156413082787358e+27,-1.24678860963866e+27,-1.3141735177083323e+27,-6.718472234472815e+26,7.829381488868188e+26,-3.9414198826944686e+27,-4.238369958537295e+27,-2.492735212095637e+27,-1.81249246287335e+27,-3.136774424176286e+27,-3.2584321452366854e+27,-2.3636827997051456e+27,-1.5063486143653503e+27,-2.0537302922778405e+27,-1.3522285427877145e+27,1.5673151738143083e+27,-7.520306951333769e+26,-2.517738080562863e+24,5.732334909307205e+27,3.4504443330783877e+27,8.363190106802278e+27,5.63582543874182e+27,3.0776576406630603e+27,1.0519093464478231e+27,-1.784935363629874e+26,2.143599382254412e+27,-7.692120996220107e+25,5.156740544757781e+26,4.317659969352234e+27,-3.376270196982343e+27,-7.589284763724918e+27,2.528645735603675e+27,-1.821685732520246e+27,-1.9045543422917056e+27,2.600462937874835e+27,-1.7761610422144787e+27,1.2891417412656852e+27,3.153310977317834e+27,-7.921372592013868e+27,4.1614120770145e+25,-3.609644086858866e+27,-1.4206581761213908e+27,-5.063937985837426e+27,-2.7522848149073927e+26,1.8041024629915943e+28,2.930340050431075e+27,2.864623049422011e+27,2.828933778617916e+27,3.276800080958144e+27,-1.699646605555263e+28,1.2722735736736452e+28,-1.2852543836811115e+28,1.024775657083392e+28,7.083826106302567e+27,6.77040718193636e+27,-1.9680601997141998e+27,3.3548483321470473e+27,-5.399759956720677e+27,6.128283368939477e+27,-9.443463263064203e+27,-8.984479365509317e+27,-5.274448678720586e+27,5.284432965816431e+27,-1.7054956767758826e+28,-2.279777876811325e+28,1.7065431396836578e+28,1.0604509026526029e+28,7.832679214880657e+27,8.712742722055672e+27,1.0852819583821871e+28,-1.2692208560492668e+28
-5.152870149706136e+26,-2.720788112690944e+27,2.888441981486781e+26,1.0038704944952639e+26,3.259420282078129e+26,2.152274501373762e+26,3.1838012857798134e+26,1.994045492125667e+26,5.100438192944191e+25,1.0738600152346761e+26,2.1936811244934724e+26,1.2416303963082436e+27,1.3207009121031206e+27,3.10232868601566e+26,-1.7579576952380598e+26,1.9742000633311483e+26,5.024341057293479e+26,8.874704836103318e+25,-1.4000214100987085e+26,-9.673599107267315e+25,1.9873142285597584e+26,1.1122050911276897e+26,2.8744903991767336e+26,1.240699702977906e+27,3.4593703550640984e+27,1.2820029844691555e+27,4.713990445907565e+27,-2.2057561037196594e+27,-2.8027370653942914e+26,-1.3872887281931246e+26,4.7697967736225416e+26,-1.54923107797826e+25,-2.0087709575887476e+26,4.3645655746264406e+26,-1.5549982671206346e+27,1.1095640295318554e+27,1.238990167328445e+27,9.667882814733982e+26,-3.2086736543443814e+26,-3.8517699008471396e+26,1.8794723504914052e+27,-2.0476876995327707e+25,-1.0046388586607597e+26,-1.0365750531876604e+26,-2.0285723252200246e+26,-1.1191991653954467e+27,-5.97351915912326e+26,-7.249861553450326e+26,-3.661571283742268e+26,2.1100135332926565e+26,-1.943342492284863e+27,-2.2573987152519534e+27,-1.33166134057119e+27,-1.0808574899359272e+27,-1.743081793872887e+27,-1.8839071295616207e+27,-1.3239918403994825e+27,-8.253032313129572e+26,-1.1558824794836878e+27,-1.0599243994099073e+27,1.1877689136832842e+27,-2.6315000655522957e+26,1.7588971677326054e+26,4.1465184111915423e+27,2.3418074679350953e+27,5.70006562294202e+27,3.1813242816111263e+27,1.933691616900646e+27,7.306112380782077e+26,1.2265130413756915e+26,1.0784858344623693e+27,-2.2354297194099905e+26,1.1068303374932824e+26,2.0386946228889126e+27,-1.4566791463051587e+27,-4.31144325061347e+27,1.3562114334132917e+27,-1.1986761812649803e+27,-3.991439315104133e+26,8.48043316893812e+26,-6.957513894147342e+26,1.631109274553728e+26,1.3849954600625283e+27,-4.457279254975491e+27,-3.517239287432533e+26,-2.3378410336520797e+27,-1.2663869214341511e+27,-3.4724025422898336e+27,-1.671191542254285e+27,1.111420551902162e+28,1.5842898942365433e+27,1.7997169165956152e+27,1.6795370964192675e+27,2.2034226190557807e+27,-9.214236844998246e+27,7.268836042366731e+27,-7.102238632682959e+27,6.092233239610743e+27,4.383150848640895e+27,4.3248327784145717e+27,-7.408427120482906e+26,2.1552238924131542e+27,-3.115081407650342e+27,4.0073271581014936e+27,-5.79952128780416e+27,-5.66188044061633e+27,-2.4670618356321735e+27,3.140603913548095e+27,-9.87892723618381e+27,-1.2900200045313644e+28,1.0604509026526029e+28,7.276443849616252e+27,5.646599424347306e+27,6.017124003041513e+27,7.009144870643526e+27,-7.793028070167341e+27
-2.921353967540058e+26,-1.6834032180147456e+27,2.7721794820145815e+26,1.759727546201433e+26,3.144265284157893e+26,2.9982345433354635e+26,1.8317429510085692e+26,1.221915929266464e+26,4.8458492484766215e+25,9.639854166579988e+25,8.444244651271297e+25,8.262338873467557e+26,9.024281599968664e+26,2.0558871959780983e+26,-1.2624194779676091e+26,1.1354734476245497e+26,2.5187529840854015e+26,-1.7071650414796805e+25,-1.7032930272825356e+26,-2.62000151648939e+26,-1.2705725947021129e+26,-1.9700570762573742e+26,-4.270665464266411e+25,8.05334486197409e+26,2.441855991468317e+27,6.767594999459705e+26,3.384885969673783e+27,-1.2059770622746777e+27,-2.0734717729222095e+26,-6.044929335146492e+25,1.614381513737709e+26,2.601678882161937e+26,1.7437649367654504e+25,4.9844240744862856e+26,-5.406547200203592e+26,7.127652099029646e+26,8.098320025430213e+26,1.9571628537734433e+26,-1.2850042659182981e+26,-1.7861056877202775e+26,1.2688579456146415e+27,1.638799198719382e+25,2.5322525631731514e+25,-6.889013380679973e+25,-1.1475465369952249e+26,-6.667083737706805e+26,-3.361118556553982e+26,-4.193946019507238e+26,-1.976545653438934e+26,6.656696681254526e+25,-1.2797285241846546e+27,-1.5726914975492876e+27,-8.42906055750691e+26,-6.524100141279516e+26,-1.145873765809611e+27,-1.3533307358477496e+27,-8.722883403010936e+26,-4.9897741098191025e+26,-7.670079985405749e+26,-9.966989303086561e+26,8.701466810787166e+26,-1.9281963352002072e+26,4.1564976511716686e+24,2.993217759491906e+27,1.6507120711418235e+27,4.270609160500653e+27,2.2750738347800458e+27,1.2220492364567138e+27,4.54084206990988e+26,6.22563835870089e+25,7.224078276416592e+26,-1.276651011826376e+26,4.602888918355756e+25,1.430820232405022e+27,-8.400336243817194e+26,-3.075169618962957e+27,6.09054252144957e+26,-7.182093579037364e+26,3.172248255773571e+26,6.363063526024959e+26,-1.059474881223827e+26,1.6070378505845e+26,1.1022707489607327e+27,-2.8667115546634484e+27,-8.595129720482094e+25,-1.4514750297456642e+27,-6.352553571612733e+26,-2.2055460040768574e+27,-1.3939080312179077e+27,7.583866676288157e+27,1.0865766250539474e+27,1.272659472653266e+27,1.25692072605858e+27,1.6159156780065263e+27,-6.311562052197167e+27,5.358233405931736e+27,-4.856968942128448e+27,4.5208330743614107e+27,3.2066645814852174e+27,3.234070625752028e+27,-4.3234655305277634e+26,1.5626657444587877e+27,-2.2806876404379594e+27,3.0871964563355457e+27,-4.3935124243865904e+27,-4.3817315971673544e+27,-1.546138884007888e+27,2.272020162280446e+27,-7.26825694806234e+27,-9.323218904142088e+27,7.832679214880657e+27,5.646599424347306e+27,4.5490724833699684e+27,4.7945991021135366e+27,5.442565287508274e+27,-5.914065886996397e+27
-3.414130187810053e+26,-1.8798475451447006e+27,3.171378457268303e+26,2.567069575681787e+26,3.955001440361488e+26,4.5275788226429084e+26,3.0807351843916082e+26,2.4562253842388357e+26,2.6281771947737197e+26,2.6569707749818638e+26,1.6470061808386723e+26,1.0479157219744391e+27,1.1302956723952035e+27,3.9897536265132895e+26,1.601326592253067e+26,3.2423794452006505e+26,4.421999513079046e+26,1.8244937887204318e+26,-9.981386639790012e+24,-1.4113257696975762e+26,2.5811770164377356e+25,-3.296631140187994e+26,-2.142427218388291e+26,5.8276079549673186e+26,2.280424305328569e+27,5.728957544382893e+26,3.399059527465845e+27,-1.6558117117165206e+27,1.814460010140638e+26,1.981917934389177e+26,3.643211444867272e+25,1.585968316930321e+26,1.3434155837919528e+26,5.483987061120562e+26,-6.281055501906612e+26,9.78771624300204e+26,1.2914419120395635e+27,3.156650344672729e+26,2.392122246289663e+26,-3.0382422948886148e+26,1.9313406428644118e+27,-5.172361613540759e+25,9.441567308162188e+25,-3.791552007584241e+25,-8.7948131640994e+24,-7.57864974020057e+26,-3.608966768578794e+26,-4.05831723907069e+26,-1.7883578021936518e+26,1.0399879826609002e+26,-1.4846861057443205e+27,-1.8042449719458787e+27,-9.047211085218213e+26,-6.319673568568716e+26,-1.2356611211856874e+27,-1.5174649707797759e+27,-9.44532389652309e+26,-5.191983012609934e+26,-8.472739365277473e+26,-1.0992687593870972e+27,8.055695206259013e+26,-3.619169643928686e+26,-2.2274149498531747e+26,2.8315121489905715e+27,1.6057163816879943e+27,4.4584686329663016e+27,2.757585576238064e+27,1.1788131120614922e+27,4.1895140794468356e+26,-8.875898402538327e+25,9.546976503975046e+26,-2.1093480486152103e+25,1.0457502122518034e+26,1.947866267703568e+27,-9.940484946113315e+26,-3.473502013783197e+27,5.056233288897421e+26,-6.215861906183732e+26,5.580065977396866e+26,1.1994699321205968e+27,1.4251592943353888e+26,5.7973189250588406e+26,1.7111969117641707e+27,-3.015563893504219e+27,4.2627012732560106e+26,-1.3044305863645694e+27,-2.3048639099134936e+25,-1.910984801804965e+27,-6.619557679042987e+26,7.70370086898379e+27,1.4127193926027066e+27,1.428484242354627e+27,1.569251383076624e+27,1.7394838887429123e+27,-7.602085901283295e+27,6.478536957167393e+27,-5.750010120231344e+27,5.318894602947254e+27,3.6460036799035356e+27,3.630857187702487e+27,-8.56077382771881e+26,1.7428804655213222e+27,-2.8248633546132693e+27,3.488247171088628e+27,-5.174617354263373e+27,-5.116740512761325e+27,-2.1488077305339524e+27,2.6336855799832764e+27,-8.699922787591348e+27,-1.1098856569463633e+28,8.712742722055672e+27,6.017124003041513e+27,4.7945991021135366e+27,5.23014671574281e+27,6.191214429475153e+27,-6.91603656769502e+27
-4.897525727565014e+26,-2.538078833767257e+27,3.211525338501806e+26,2.976066691827366e+26,4.6706427525426584e+26,5.847663883738803e+26,5.7915334977723384e+26,4.8422241416518e+26,6.122339816775649e+26,5.3766507887293154e+26,3.7695017803926305e+26,1.5544811845201301e+27,1.6410671910253547e+27,7.54849143932767e+26,6.163273440994447e+26,7.025798575415271e+26,8.531551675572513e+26,5.582323578466574e+26,2.8103035624840674e+26,1.5178789536351674e+26,4.932167834845684e+26,-3.81791531222313e+26,-3.2929038831039164e+26,3.595615801434683e+26,2.355325580409148e+27,6.708188059280681e+26,3.775087560117198e+27,-2.7482058748750677e+27,7.968606153406105e+26,5.67165117726318e+26,-1.9661578090338277e+25,-1.9195226867345715e+26,1.8429665084137136e+26,4.704812179000577e+26,-1.3429517472920174e+27,1.5573368196053414e+27,2.281588865863938e+27,9.70315784895428e+26,7.570398375966374e+26,-6.0247099556375806e+26,3.2195926560088506e+27,-1.8293423023545432e+26,1.0866077042169977e+26,-3.158804388551631e+24,1.348957451504002e+26,-1.0918695124213915e+27,-5.063563428829372e+26,-4.898468931599615e+26,-2.0862483073787183e+26,2.4765963333734994e+26,-2.050190146521003e+27,-2.3852464369212033e+27,-1.17285718219479e+27,-7.388484909506375e+26,-1.5718161427077294e+27,-1.938335180924303e+27,-1.1954654652787035e+27,-6.517298998386697e+26,-1.0767167810184909e+27,-1.1386815944371409e+27,9.001919922645504e+26,-5.926093948319575e+26,-5.219355109091549e+26,2.992250830536053e+27,1.8661306729986697e+27,5.154202379415378e+27,3.7354688111421467e+27,1.3361990417203467e+27,4.575601240202297e+26,-3.024344314352713e+26,1.4227735315020372e+27,1.1742252111093049e+26,1.960975267757409e+26,2.888452828409189e+27,-1.5090472482982738e+27,-4.4513308298640573e+27,7.951153732355455e+26,-6.332570574643932e+26,4.6271074296219634e+26,2.090853036884477e+27,1.9023277559222683e+26,1.2081434297413082e+27,2.728979345515576e+27,-3.8335432086715437e+27,1.141617650417151e+27,-1.3798146096186673e+27,7.37123374438544e+26,-1.878107777511125e+27,6.532653777580003e+26,8.907383795330298e+27,2.019609839563844e+27,1.797548838902947e+27,2.1254158020752373e+27,2.0638086684849742e+27,-1.0652464067829213e+28,8.734564106204532e+27,-7.871422630413866e+27,6.954723812859822e+27,4.601979025769387e+27,4.516514641309524e+27,-1.610513745746903e+27,2.1584635912235447e+27,-3.8794677953385974e+27,4.334073076620526e+27,-6.754688383583452e+27,-6.598968092315044e+27,-3.481980851318154e+27,3.389878738042856e+27,-1.1722727368032961e+28,-1.4955128612049199e+28,1.0852819583821871e+28,7.009144870643526e+27,5.442565287508274e+27,6.191214429475153e+27,7.745643843659765e+27,-8.988168077825173e+27
6.498158178260226e+26,3.2667109461047853e+27,-2.4062561152978822e+26,-2.299428281588852e+26,-4.50711992238333e+26,-5.8982618384259744e+26,-8.376044164171565e+26,-7.0050848670865e+26,-9.05315170417149e+26,-7.601509595599848e+26,-6.097223996084524e+26,-2.0150379495983614e+27,-2.0910260560316455e+27,-1.0632216448683697e+27,-1.0007446528465536e+27,-1.0296157254626929e+27,-1.2116988868416047e+27,-8.89840371498749e+26,-5.4464349360593276e+26,-4.315028520422628e+26,-9.579989015948858e+26,3.9366598264574036e+26,3.9110996664031546e+26,-1.683555311455132e+26,-2.410488562718141e+27,-7.720949506605583e+26,-4.040274010460351e+27,3.6895609786035017e+27,-1.3070463923201452e+27,-8.499027272806519e+26,2.108247781689918e+25,5.750047901497991e+26,-1.3695222053934484e+26,-2.5371451922096257e+26,2.2432398985966066e+27,-2.0965644697819442e+27,-3.168731873927762e+27,-1.6775933144086216e+27,-1.1550470644536139e+27,9.500072267640288e+26,-4.459991839764357e+27,3.2493419338780945e+26,-1.813516617512119e+25,-1.8557673959457034e+25,-2.42991912997188e+26,1.488223101471554e+27,7.111730302664425e+26,6.475223716328988e+26,2.8834367466326296e+26,-4.339598744525926e+26,2.6083548677256267e+27,2.9080259972601507e+27,1.4992202279617714e+27,9.402571865891523e+26,1.954314618321841e+27,2.3248571881539703e+27,1.4828699405943875e+27,8.47347873753693e+26,1.3348008764912427e+27,1.1072510498800472e+27,-9.88913977507849e+26,7.912784857582661e+26,7.151792112698731e+26,-3.213376629433767e+27,-2.106058442770144e+27,-5.814017958108437e+27,-4.7071274129959294e+27,-1.616585469621997e+27,-5.545346239140577e+26,4.773610005864648e+26,-1.9105566335937504e+27,-2.1389587643232015e+26,-3.0752089107118728e+26,-3.837177282661746e+27,2.0972384875172716e+27,5.31024729737692e+27,-1.181867447141663e+27,7.614551659080502e+26,-9.25130944519875e+25,-2.93576830758297e+27,9.258742073253733e+24,-1.7680544618367716e+27,-3.5154055343744914e+27,4.7944292675321654e+27,-1.6689332284232172e+27,1.6193009264432736e+27,-1.2420167634274588e+27,2.0435307463995003e+27,-1.8805563708553395e+27,-1.0180031158633553e+28,-2.4348045478142448e+27,-2.174476250009343e+27,-2.483810870653714e+27,-2.3920525158894324e+27,1.339401531274657e+28,-1.0843214729818028e+28,9.656638853516821e+27,-8.486159059338257e+27,-5.277546208264771e+27,-5.349279344050807e+27,2.1679369410960043e+27,-2.576304397037691e+27,4.643828111850826e+27,-5.092987077273165e+27,7.983170639060618e+27,7.842383751573448e+27,4.631249996125874e+27,-4.159866924281145e+27,1.4409967268819746e+28,1.8405112300486024e+28,-1.2692208560492668e+28,-7.793028070167341e+27,-5.914065886996397e+27,-6.91603656769502e+27,-8.988168077825173e+27,1.0728049520601268e+28
